alpha, r1, r2, max_err, wrong_ration, max_dist, match, filling success rate
0.1 204 0 0.5596227388124209 0.0 0 MATCH 0.9985514479613329
0.2 204 0 0.2590410232543941 0.0 0 MATCH 0.9972563011889812
0.3 204 0 0.17136078206901856 0.0 0 MATCH 0.993067004002475
0.4 204 0 0.17101663734480604 0.0 0 MATCH 0.991676637941113
0.1 204 1 0.0427768230438233 0.0 0 MATCH 0.7568765292431984
0.2 204 1 0.0693447303771974 0.1 0.0046814041137695495 MATCH 0.7220995141275133
0.3 204 1 0.03600485885774348 0.0 0 MATCH 0.6975819089499733
0.4 204 1 0.023247452402405666 0.0 0 MATCH 0.6896131070174275
0.1 204 2 0.21623734171076353 0.0 0 MATCH 0.9664939950290377
0.2 204 2 0.1367982433688257 0.0 0 MATCH 0.9799247649114093
0.3 204 2 0.0890524946197043 0.0 0 MATCH 0.9766040611265205
0.4 204 2 0.1138791411462492 0.2 0.004845624586448216 MATCH 0.9774264158852348
0.1 204 3 0.08106131110053524 0.1 0.0013409417898063714 MATCH 0.74549126422922
0.2 204 3 0.03815403382827931 0.0 0 MATCH 0.6829175156311981
0.3 204 3 0.02623438223814371 0.0 0 MATCH 0.6600015752741861
0.4 204 3 0.024122382839216194 0.0 0 MATCH 0.6333556091541107
0.1 204 4 0.5202761596103883 0.0 0 MATCH 0.9995866005682641
0.2 204 4 0.4630277882451597 0.1 0.00645579462466031 MATCH 0.9991653951847125
0.3 204 4 0.3578523135354332 0.1 0.004230872620927417 MATCH 0.9977235678068415
0.4 204 4 0.17034947353860616 0.0 0 MATCH 0.9956035134680539
0.1 204 5 0.19242675521827 0.0 0 MATCH 0.9729792938820904
0.2 204 5 0.163865931456703 0.1 0.002186761811425464 MATCH 0.9831573136404549
0.3 204 5 0.14043790785992735 0.0 0 MATCH 0.9852430591955791
0.4 204 5 0.19391474241994403 0.1 0.022055970833276595 MATCH 0.9852320417128059
0.1 204 6 0.11853190700403249 0.0 0 MATCH 0.938860761327868
0.2 204 6 0.08406580710897629 0.0 0 MATCH 0.9307711880719944
0.3 204 6 0.06698106391842726 0.0 0 MATCH 0.9224947548015063
0.4 204 6 0.09966284528636807 0.2 0.018990810120702584 MATCH 0.9038594906565622
0.1 204 7 0.05953292974582372 0.0 0 MATCH 0.8183521970728471
0.2 204 7 0.05318587727820512 0.0 0 MATCH 0.8318160582592962
0.3 204 7 0.07453532149109154 0.1 0.005874971846979993 MATCH 0.8499478071471375
0.4 204 7 0.07808136834719231 0.1 0.01159648734467511 MATCH 0.8850323023840799
0.1 204 8 0.7378139495849608 0.1 0.009799702962239573 MATCH 0.9978991940313847
0.2 204 8 0.2860962027934061 0.0 0 MATCH 0.996903448516799
0.3 204 8 0.2800819596994236 0.1 0.01034953942459621 MATCH 0.996061344693247
0.4 204 8 0.06487479261172713 0.0 0 MATCH 0.9926286755938618
0.1 204 9 0.11821970362572154 0.1 0.0037459442210285437 MATCH 0.7769125851459489
0.2 204 9 0.05759047239254689 0.1 0.0013447010095798406 MATCH 0.7554940317417536
0.3 204 9 0.04971162456883431 0.1 0.0030144356466024758 MATCH 0.7483477806790825
0.4 204 9 0.03742812197838008 0.2 0.0019835524429957507 MATCH 0.7253055691834585
0.1 204 10 0.07678852802099165 0.0 0 MATCH 0.9563695814896749
0.2 204 10 0.10125695000255314 0.0 0 MATCH 0.969292733183196
0.3 204 10 0.05061185904968217 0.0 0 MATCH 0.9636364651134622
0.4 204 10 0.11158900790744358 0.1 0.010973442925347243 MATCH 0.9552755165152224
0.1 204 11 0.06132377242609413 0.0 0 MATCH 0.8522770587855856
0.2 204 11 0.018747072867193182 0.0 0 MATCH 0.7775977250869891
0.3 204 11 0.053815478186013954 0.1 0.004683806167966875 MATCH 0.7321726036542089
0.4 204 11 0.025268971891526104 0.0 0 MATCH 0.7133175172404889
0.1 204 12 0.7641619089487441 0.0 0 MATCH 0.9997916666666666
0.2 204 12 0.4469913875355444 0.0 0 MATCH 0.9982995694639228
0.3 204 12 0.2508689032660588 0.0 0 MATCH 0.9976997685908475
0.4 204 12 0.12565408434186673 0.0 0 MATCH 0.9967589212599748
0.1 204 13 0.5389379255610743 0.1 0.00938078936408547 MATCH 0.9923775711011379
0.2 204 13 0.40360999107360823 0.0 0 MATCH 0.99366863256618
0.3 204 13 0.23082080066086494 0.0 0 MATCH 0.9932254909799966
0.4 204 13 0.08697941159241954 0.0 0 MATCH 0.9911849594104204
0.1 204 14 0.06670702993027439 0.0 0 MATCH 0.9138705553532714
0.2 204 14 0.05810464336574561 0.0 0 MATCH 0.8981958214179822
0.3 204 14 0.08476775764090616 0.1 0.006582814152458205 MATCH 0.9031324021448842
0.4 204 14 0.062496768760397364 0.2 0.0031921409414022994 MATCH 0.8940734378346192
0.1 204 15 0.141117857180873 0.1 0.0011041199016347814 MATCH 0.9066851577244872
0.2 204 15 0.08331653965053282 0.0 0 MATCH 0.9233628385442904
0.3 204 15 0.08939939556699805 0.2 0.003849098899147696 MATCH 0.93167866315779
0.4 204 15 0.040279122659778455 0.0 0 MATCH 0.9327956263516594
0.1 204 16 0.3046716499066973 0.2 0.005471178010330938 MATCH 0.9648743703299048
0.2 204 16 0.2707025557427481 0.1 0.02079690760597752 MATCH 0.9754387322105265
0.3 204 16 0.10067467883084417 0.0 0 MATCH 0.9728073978139058
0.4 204 16 0.07034794919125675 0.0 0 MATCH 0.971369818145232
0.1 204 17 0.07793155671562829 0.1 0.001019843599814635 MATCH 0.735884103728969
0.2 204 17 0.03320408261363955 0.0 0 MATCH 0.679587546819033
0.3 204 17 0.024696186619879712 0.0 0 MATCH 0.668361354888351
0.4 204 17 0.0266473304759432 0.0 0 MATCH 0.6185027211343871
0.1 204 18 0.09885676031998913 0.1 0.0016643041867340502 MATCH 0.6363468303763054
0.2 204 18 0.05017346921174434 0.0 0 MATCH 0.7112327338466692
0.3 204 18 0.042195558547973674 0.0 0 MATCH 0.783310682327076
0.4 204 18 0.04058204843311708 0.1 0.0009219036611676223 MATCH 0.8172681801073345
0.1 204 19 0.06143349972642778 0.0 0 MATCH 0.7452457545846811
0.2 204 19 0.026945679831240354 0.0 0 MATCH 0.6749383664350599
0.3 204 19 0.026143218365260828 0.0 0 MATCH 0.6154082103420261
0.4 204 19 0.01931041116461557 0.0 0 MATCH 0.5765293596758966
0.1 204 20 0.07092922107099345 0.0 0 MATCH 0.9366750873194011
0.2 204 20 0.12109794145748948 0.1 0.007416958279079844 MATCH 0.9418031510842433
0.3 204 20 0.05844037786958208 0.0 0 MATCH 0.9228606714367024
0.4 204 20 0.07430853973711335 0.1 0.006573024403737138 MATCH 0.9045799099882247
0.1 204 21 0.07237861344904423 0.1 6.308644088273696e-05 MATCH 0.801793202206086
0.2 204 21 0.0589032782208368 0.0 0 MATCH 0.8334616778411726
0.3 204 21 0.06594737580605285 0.1 0.004032812831837929 MATCH 0.8564137058744823
0.4 204 21 0.06612022320132721 0.1 0.007947915770208036 MATCH 0.8757848471369274
0.1 204 22 0.0885940938657713 0.1 0.0012547428497640262 MATCH 0.7783701673547484
0.2 204 22 0.06537122586594835 0.1 0.0019082198163891673 MATCH 0.7657110582800122
0.3 204 22 0.03337826778424776 0.0 0 MATCH 0.7497777521491195
0.4 204 22 0.036756392975180185 0.1 0.0006430991456646828 MATCH 0.7584205277878917
0.1 204 23 0.06234483026411136 0.1 0.00020513153326834344 MATCH 0.8195582619647676
0.2 204 23 0.03720195386542391 0.0 0 MATCH 0.7425021421297551
0.3 204 23 0.01570745248730706 0.0 0 MATCH 0.7189220967604774
0.4 204 23 0.04053778691116838 0.1 0.003739043812693077 MATCH 0.7325014158119019
0.1 204 24 0.21715118145120546 0.1 0.0020344701306573287 MATCH 0.95548435696504
0.2 204 24 0.15508183543221532 0.1 0.0005031951623582775 MATCH 0.9657152325035533
0.3 204 24 0.07823621068478337 0.0 0 MATCH 0.9554050798345187
0.4 204 24 0.07119594476161867 0.0 0 MATCH 0.963281908205273
0.1 204 25 0.09238580258886825 0.1 0.0016964891753744465 MATCH 0.7500267705127951
0.2 204 25 0.053119877724239345 0.1 0.0006495927293888037 MATCH 0.7170050338078641
0.3 204 25 0.04091471107444955 0.1 0.0008754407588522084 MATCH 0.7156831874783068
0.4 204 25 0.04093929021534326 0.1 0.004129361085339678 MATCH 0.6961842433694279
0.1 204 26 0.06615600763276885 0.0 0 MATCH 0.6443858387840952
0.2 204 26 0.03674725159987874 0.0 0 MATCH 0.6809985429569569
0.3 204 26 0.0485221103179954 0.1 0.002286549636356827 MATCH 0.7174625291748475
0.4 204 26 0.03379414789959734 0.1 0.0003506774398290835 MATCH 0.7447671272246946
0.1 204 27 0.07383203029155266 0.2 0.0009721147882807424 MATCH 0.7447474451656466
0.2 204 27 0.031196397710240714 0.0 0 MATCH 0.7139072033437676
0.3 204 27 0.037243188995655374 0.1 0.0009725602972969205 MATCH 0.6740859238444912
0.4 204 27 0.03196680638241481 0.2 0.0017787129701336002 MATCH 0.6464694074583867
0.1 204 28 0.18645350621464066 0.1 0.0008551461356026691 MATCH 0.9279950977367974
0.2 204 28 0.13371376802129908 0.1 0.006867237130883885 MATCH 0.9268630684094811
0.3 204 28 0.14992023409656405 0.3 0.022129556499369707 MATCH 0.9182124943911166
0.4 204 28 0.05380791105334931 0.0 0 MATCH 0.920833185491634
0.1 204 29 0.15522257486979177 0.1 0.0029833085697852924 MATCH 0.9249978982135894
0.2 204 29 0.0830670937323702 0.0 0 MATCH 0.9191969174674659
0.3 204 29 0.06980529507886321 0.0 0 MATCH 0.9156792596646465
0.4 204 29 0.07953390021750328 0.1 0.008532488406408079 MATCH 0.9126367777671275
0.1 204 30 0.10047838872906736 0.2 0.0010799826849606509 MATCH 0.815678420526937
0.2 204 30 0.07327564794918529 0.1 0.001201338228017046 MATCH 0.832487610291175
0.3 204 30 0.03935014269872732 0.0 0 MATCH 0.8490581183460535
0.4 204 30 0.03532390532755919 0.0 0 MATCH 0.856199664275856
0.1 204 31 0.06905266090675627 0.0 0 MATCH 0.8724124366702511
0.2 204 31 0.05096624900511479 0.0 0 MATCH 0.8565746617639649
0.3 204 31 0.08430144388152205 0.1 0.007486084524310099 MATCH 0.8768954545376838
0.4 204 31 0.05474564336961307 0.1 0.002145351473775925 MATCH 0.8833979091021764
0.1 204 32 0.48758126217782777 0.0 0 MATCH 0.9967538661920399
0.2 204 32 0.3329164605391652 0.1 0.004817119397615144 MATCH 0.9927210542966236
0.3 204 32 0.2130903271137256 0.1 0.004870251117724378 MATCH 0.990581601581882
0.4 204 32 0.1584398481580944 0.1 0.0023340013292100226 MATCH 0.9878143142084422
0.1 204 33 0.09388781254311362 0.2 0.0027041612239425694 MATCH 0.6194756743087757
0.2 204 33 0.02765735988862983 0.0 0 MATCH 0.6494095440139087
0.3 204 33 0.02276252789734312 0.0 0 MATCH 0.6525031735199743
0.4 204 33 0.021373460767531577 0.0 0 MATCH 0.6623695267831816
0.1 204 34 0.14132091916840644 0.0 0 MATCH 0.9418775688431473
0.2 204 34 0.11783796708214098 0.0 0 MATCH 0.9609009317618676
0.3 204 34 0.11345375647429232 0.1 0.0030849809564291175 MATCH 0.9690709232665142
0.4 204 34 0.06480911450508303 0.0 0 MATCH 0.9636988214820985
0.1 204 35 0.041183646665800544 0.0 0 MATCH 0.5423809075429606
0.2 204 35 0.06889610532194765 0.2 0.005379454439232989 MATCH 0.5925570310533661
0.3 204 35 0.03424936897520085 0.1 0.0005894100201739305 MATCH 0.6096633575892818
0.4 204 35 0.020048103944694112 0.0 0 MATCH 0.5827294161734813
0.1 204 36 0.27418287869157454 0.0 0 MATCH 0.9958205217035113
0.2 204 36 0.2150598827161286 0.0 0 MATCH 0.993173574527531
0.3 204 36 0.21578920804537255 0.1 0.0011384230393629569 MATCH 0.9925908778168406
0.4 204 36 0.11297342993996373 0.0 0 MATCH 0.9887669835982781
0.1 204 37 0.07777397625439164 0.1 0.0007571652844861609 MATCH 0.6974729500511669
0.2 204 37 0.03442063714144211 0.0 0 MATCH 0.7287968658464643
0.3 204 37 0.036540266376195084 0.0 0 MATCH 0.7429233614855961
0.4 204 37 0.04020480573683663 0.2 0.0017194956898091696 MATCH 0.7737246271430884
0.1 204 38 0.060551677431378986 0.0 0 MATCH 0.9402896200228309
0.2 204 38 0.052220395492197924 0.0 0 MATCH 0.9381219922062275
0.3 204 38 0.08335531355419776 0.0 0 MATCH 0.9326214701434792
0.4 204 38 0.05533096898516207 0.0 0 MATCH 0.9068516392218451
0.1 204 39 0.05025208776636439 0.0 0 MATCH 0.6209683429810953
0.2 204 39 0.05274731668448385 0.1 0.0014053062849953002 MATCH 0.6361101475846933
0.3 204 39 0.03235556959724236 0.0 0 MATCH 0.622025585921204
0.4 204 39 0.026015028155811915 0.0 0 MATCH 0.6162388390756747
0.1 204 40 0.39910968381967143 0.1 0.002472253573142874 MATCH 0.9939676094014563
0.2 204 40 0.13676359778956343 0.0 0 MATCH 0.9931462458841365
0.3 204 40 0.10240102986820396 0.0 0 MATCH 0.988735840254594
0.4 204 40 0.16696142055120586 0.1 0.007162831444622375 MATCH 0.9846114111202336
0.1 204 41 0.07822618682074872 0.0 0 MATCH 0.680717379350855
0.2 204 41 0.05909253355868116 0.1 0.0018631932741388357 MATCH 0.695201416281979
0.3 204 41 0.03383851110374277 0.0 0 MATCH 0.7052926893752438
0.4 204 41 0.029837738276512343 0.0 0 MATCH 0.7111729140505114
0.1 204 42 0.0976272420920872 0.0 0 MATCH 0.9370150784821089
0.2 204 42 0.09818472210304519 0.0 0 MATCH 0.9466520996394158
0.3 204 42 0.07290298701364754 0.0 0 MATCH 0.9454534025700303
0.4 204 42 0.06553154460994137 0.0 0 MATCH 0.9433729642593736
0.1 204 43 0.0703289768087284 0.0 0 MATCH 0.7193395156248075
0.2 204 43 0.036044965415474584 0.0 0 MATCH 0.7077235027171014
0.3 204 43 0.024351868291645484 0.0 0 MATCH 0.6913354585360307
0.4 204 43 0.014492088511351281 0.0 0 MATCH 0.6598760992485634
0.1 204 44 0.3224291801452636 0.0 0 MATCH 0.9952038748878678
0.2 204 44 0.20853425187674177 0.0 0 MATCH 0.992279565230629
0.3 204 44 0.3538805643717449 0.2 0.04478755277745872 MATCH 0.9931685015191931
0.4 204 44 0.09772081578031472 0.0 0 MATCH 0.9879065803634592
0.1 204 45 0.07951228798806748 0.0 0 MATCH 0.7901120404030448
0.2 204 45 0.03287469894885403 0.0 0 MATCH 0.8076564288799419
0.3 204 45 0.0495112091765354 0.0 0 MATCH 0.8168911176537437
0.4 204 45 0.04781060508564555 0.2 0.002148929326572402 MATCH 0.8366316079006364
0.1 204 46 0.04848432934973862 0.0 0 MATCH 0.9423413229685871
0.2 204 46 0.07884304037451467 0.1 0.0015216736909899609 MATCH 0.9181829757494062
0.3 204 46 0.060879897969482275 0.1 0.0032237964851046796 MATCH 0.8665618410633404
0.4 204 46 0.04033228422019669 0.0 0 MATCH 0.8328121963988121
0.1 204 47 0.07727934964436911 0.0 0 MATCH 0.6628982201615178
0.2 204 47 0.04898431434394418 0.1 0.00014055145453223394 MATCH 0.6939787304186708
0.3 204 47 0.047885192879047286 0.1 0.0032218801872724856 MATCH 0.70743590529183
0.4 204 47 0.025255520886414418 0.0 0 MATCH 0.6894924400788558
0.1 204 48 0.20922279357910148 0.1 0.007208355093064001 MATCH 0.9369573738957822
0.2 204 48 0.14484442272642992 0.1 0.0006609056531499125 MATCH 0.9600678106929547
0.3 204 48 0.1395208709336515 0.1 0.00447498214579084 MATCH 0.9651183982153932
0.4 204 48 0.07203211103166851 0.0 0 MATCH 0.9609603119356029
0.1 204 49 0.0618658227003159 0.0 0 MATCH 0.5464274777261766
0.2 204 49 0.027319292325253125 0.0 0 MATCH 0.5740711494152825
0.3 204 49 0.02842115662835043 0.0 0 MATCH 0.5876266034367832
0.4 204 49 0.025462388797953955 0.0 0 MATCH 0.5918977234182332
0.1 204 50 0.04525586349025945 0.0 0 MATCH 0.7660942611386571
0.2 204 50 0.03882327677660169 0.0 0 MATCH 0.7015779320016616
0.3 204 50 0.03958620468065851 0.1 0.00108329440866195 MATCH 0.7092281037670178
0.4 204 50 0.050863305458289376 0.1 0.00755572283306255 MATCH 0.7426038102745217
0.1 204 51 0.0429063626303465 0.0 0 MATCH 0.7268486869692659
0.2 204 51 0.034033650895606976 0.0 0 MATCH 0.6520204600042785
0.3 204 51 0.0344376105917991 0.2 0.001412151573569831 MATCH 0.597420313945172
0.4 204 51 0.019084415293766782 0.0 0 MATCH 0.5484512177985323
0.1 204 52 0.10059274647968797 0.0 0 MATCH 0.9343638236748312
0.2 204 52 0.10530484470494123 0.1 0.0021557609680100676 MATCH 0.9356006571025052
0.3 204 52 0.064299700633589 0.0 0 MATCH 0.9284532367583689
0.4 204 52 0.05014406855262249 0.0 0 MATCH 0.9054354084096756
0.1 204 53 0.07053307468870465 0.1 0.0006121724293124964 MATCH 0.615289696938069
0.2 204 53 0.03306849858841082 0.0 0 MATCH 0.6362382029307638
0.3 204 53 0.0214866160101429 0.0 0 MATCH 0.6406347008150313
0.4 204 53 0.020208535784253245 0.0 0 MATCH 0.6295565942340007
0.1 204 54 0.0776136858122689 0.1 0.000277233123779308 MATCH 0.6555813625295975
0.2 204 54 0.027699147269275026 0.0 0 MATCH 0.6626103015429453
0.3 204 54 0.03508319405739757 0.0 0 MATCH 0.6690299792240395
0.4 204 54 0.026284663998739494 0.0 0 MATCH 0.6783494788324627
0.1 204 55 0.07895077155580313 0.2 0.0020304213170376784 MATCH 0.6891080274845258
0.2 204 55 0.03314992820909732 0.0 0 MATCH 0.6177476137001008
0.3 204 55 0.03818527830968662 0.1 0.0020426386792813944 MATCH 0.6098798036101407
0.4 204 55 0.018417754506957207 0.0 0 MATCH 0.5563843132492191
0.1 204 56 0.10684817974851074 0.0 0 MATCH 0.8745252518717173
0.2 204 56 0.07824826230355075 0.0 0 MATCH 0.9157632207468616
0.3 204 56 0.09825990661041877 0.1 0.006766754367597494 MATCH 0.9130575561998377
0.4 204 56 0.06979892443705005 0.1 0.0019746099100050873 MATCH 0.9295644887625368
0.1 204 57 0.07248376918788269 0.1 0.0007139738981029042 MATCH 0.7197478464948247
0.2 204 57 0.035144170459420615 0.0 0 MATCH 0.6790594389833025
0.3 204 57 0.043744906386500124 0.1 0.0026153415429713833 MATCH 0.6628464957421517
0.4 204 57 0.03809340744099818 0.4 0.0041709708964354775 MATCH 0.6408877895824716
0.1 204 58 0.06521046786489612 0.0 0 MATCH 0.8192747262184727
0.2 204 58 0.03297789434581533 0.0 0 MATCH 0.7373847543902656
0.3 204 58 0.03008916449156703 0.0 0 MATCH 0.7035625008358566
0.4 204 58 0.032897919288885635 0.1 0.0015661394715139054 MATCH 0.6744832468095989
0.1 204 59 0.06059994782563305 0.0 0 MATCH 0.8193377870426284
0.2 204 59 0.06472397169769328 0.2 0.004532873895559897 MATCH 0.7357779049408331
0.3 204 59 0.025161284405420536 0.0 0 MATCH 0.663840260498884
0.4 204 59 0.029406735954123353 0.2 0.0013603738527910858 MATCH 0.6073211146302098
0.1 204 60 0.08583044711811413 0.0 0 MATCH 0.757814032321305
0.2 204 60 0.06648741219957052 0.1 0.002268286859630042 MATCH 0.7491877020968551
0.3 204 60 0.03869087446090399 0.0 0 MATCH 0.757697299542893
0.4 204 60 0.04232093897069425 0.1 0.00331144113959303 MATCH 0.7533832068557879
0.1 204 61 0.04678068920268952 0.0 0 MATCH 0.6904598201496178
0.2 204 61 0.046878477642848526 0.0 0 MATCH 0.6884795675741225
0.3 204 61 0.029919763848458663 0.0 0 MATCH 0.6766483942886767
0.4 204 61 0.03869029975250404 0.1 0.003409901838711371 MATCH 0.6871265890801801
0.1 204 62 0.11161288774332215 0.1 0.004240215136158285 MATCH 0.6900708346904062
0.2 204 62 0.04272063906385862 0.0 0 MATCH 0.6813208435898475
0.3 204 62 0.027824140651782996 0.0 0 MATCH 0.6671163461148832
0.4 204 62 0.03333852002104176 0.1 0.001478096396197559 MATCH 0.6732658175424866
0.1 204 63 0.06807988484700517 0.1 5.533854166667185e-05 MATCH 0.6461798486581058
0.2 204 63 0.0428245563991253 0.0 0 MATCH 0.6559677504227185
0.3 204 63 0.03015921119575512 0.0 0 MATCH 0.6608604370345766
0.4 204 63 0.0196862555933211 0.0 0 MATCH 0.614430153581829
0.1 204 64 0.4280024851401021 0.0 0 MATCH 0.998533406040955
0.2 204 64 0.3402397963252382 0.0 0 MATCH 0.9976595778930148
0.3 204 64 0.17146820771066773 0.0 0 MATCH 0.9947058648872023
0.4 204 64 0.2544982012580424 0.2 0.026901963177849264 MATCH 0.9937436373158347
0.1 204 65 0.11741786140139598 0.1 0.0036106908104488744 MATCH 0.7805361514950439
0.2 204 65 0.07058992225653704 0.1 0.0033426165053740964 MATCH 0.7647358952749752
0.3 204 65 0.03328044140646765 0.0 0 MATCH 0.7362041364119716
0.4 204 65 0.04139411462527498 0.1 0.003393166094025346 MATCH 0.7256195961177042
0.1 204 66 0.2603535278392802 0.3 0.0031365473876373284 MATCH 0.9507811061783586
0.2 204 66 0.12045757619244271 0.0 0 MATCH 0.9555350920600534
0.3 204 66 0.13024559999123608 0.1 0.005276958759014461 MATCH 0.9611425413457828
0.4 204 66 0.08050491173229896 0.0 0 MATCH 0.9648747961032793
0.1 204 67 0.09127196941659199 0.1 0.0021207805398669732 MATCH 0.7435214073926577
0.2 204 67 0.04197160914667444 0.0 0 MATCH 0.7200113840405307
0.3 204 67 0.02759350797436185 0.0 0 MATCH 0.7103468075474342
0.4 204 67 0.021238813260824746 0.0 0 MATCH 0.695070772172187
0.1 204 68 0.6579350558194249 0.0 0 MATCH 0.9991694067916269
0.2 204 68 0.479580238217213 0.1 0.01898523549564546 MATCH 0.999140112615241
0.3 204 68 0.3746533819207563 0.0 0 MATCH 0.9978882918158171
0.4 204 68 0.2241141001383462 0.0 0 MATCH 0.9977093109072885
0.1 204 69 0.4276693898735315 0.0 0 MATCH 0.991853957177133
0.2 204 69 0.14797115325927715 0.0 0 MATCH 0.993493278423783
0.3 204 69 0.33592375234705246 0.2 0.01623591547426978 MATCH 0.9931346679757682
0.4 204 69 0.14675366405873566 0.0 0 MATCH 0.9920218951616995
0.1 204 70 0.15269000606703664 0.0 0 MATCH 0.9254565081521164
0.2 204 70 0.14418662871961516 0.2 0.00562899434391867 MATCH 0.9229507181124588
0.3 204 70 0.061895293968585174 0.0 0 MATCH 0.9214686972407197
0.4 204 70 0.05759458672510445 0.0 0 MATCH 0.9184317823735648
0.1 204 71 0.18741524421562544 0.1 0.0015939874164128537 MATCH 0.9158736109841212
0.2 204 71 0.10682920455932637 0.1 0.0016839218139649281 MATCH 0.9145576455466692
0.3 204 71 0.06945828623660426 0.0 0 MATCH 0.9198841277103895
0.4 204 71 0.05266911897386137 0.0 0 MATCH 0.9121159379912438
0.1 204 72 0.5544913365290712 0.0 0 MATCH 0.9980594856081384
0.2 204 72 0.3830310905372703 0.1 0.007181599375965797 MATCH 0.9979160369445417
0.3 204 72 0.5437734939632345 0.1 0.08960452990585499 MATCH 0.996842145728494
0.4 204 72 0.1874309296303607 0.0 0 MATCH 0.9922619835498449
0.1 204 73 0.13962822353716972 0.0 0 MATCH 0.9241684097782427
0.2 204 73 0.08717044897839032 0.0 0 MATCH 0.9359481395320148
0.3 204 73 0.101048347645236 0.2 0.006123627397350728 MATCH 0.9451731527006926
0.4 204 73 0.07370856937158249 0.1 0.0006952647357403308 MATCH 0.9282251255049105
0.1 204 74 0.11318788808158703 0.0 0 MATCH 0.9331091454019027
0.2 204 74 0.10630693057623014 0.0 0 MATCH 0.9427810433404925
0.3 204 74 0.08774730082866056 0.1 0.004634726584494653 MATCH 0.9250805453358092
0.4 204 74 0.05352057105544983 0.0 0 MATCH 0.9222075936054827
0.1 204 75 0.09260300788421383 0.1 0.0009187299227837453 MATCH 0.8224679510371082
0.2 204 75 0.0563554415573643 0.0 0 MATCH 0.8252847192238304
0.3 204 75 0.05083876609231523 0.0 0 MATCH 0.8311139962446032
0.4 204 75 0.031562883492391725 0.0 0 MATCH 0.8260908439952838
0.1 204 76 1.8234709462811867 0.1 0.018561775453629054 MATCH 0.9989648861935686
0.2 204 76 0.49687742575620975 0.0 0 MATCH 0.9978870516968454
0.3 204 76 0.2630154998214159 0.0 0 MATCH 0.9988015966890724
0.4 204 76 0.23811305652965215 0.0 0 MATCH 0.99788646514148
0.1 204 77 1.0823379061115324 0.2 0.007557837642840473 MATCH 0.9938652354551645
0.2 204 77 0.46763189515071135 0.0 0 MATCH 0.9962231717320279
0.3 204 77 0.3531914136896083 0.1 0.00803428763773889 MATCH 0.996171529330657
0.4 204 77 0.19128645920171966 0.0 0 MATCH 0.9943928892799306
0.1 204 78 0.6696739196777346 0.1 0.005288085937499992 MATCH 0.9905370182712094
0.2 204 78 0.3353027475291284 0.0 0 MATCH 0.9923498163689548
0.3 204 78 0.2606946545368207 0.1 0.007907773047378386 MATCH 0.9923664124574755
0.4 204 78 0.16933247642795524 0.0 0 MATCH 0.9893817829297813
0.1 204 79 0.4370212425180034 0.0 0 MATCH 0.993014808313308
0.2 204 79 0.3629636691726798 0.0 0 MATCH 0.9913510981653131
0.3 204 79 0.25747559036033746 0.0 0 MATCH 0.9918192186302198
0.4 204 79 0.15042629948368774 0.0 0 MATCH 0.9914483704722518
0.1 204 80 0.16529985323344182 0.1 0.003342980772392923 MATCH 0.9568241771944018
0.2 204 80 0.09655934955001971 0.0 0 MATCH 0.9648484053359464
0.3 204 80 0.10548010047328249 0.1 0.006573736320421464 MATCH 0.9649815649487519
0.4 204 80 0.042840422245494225 0.0 0 MATCH 0.957295304460802
0.1 204 81 0.06641049973303018 0.0 0 MATCH 0.8475918155688748
0.2 204 81 0.04253061502050903 0.0 0 MATCH 0.7702522494152727
0.3 204 81 0.024670271099723196 0.0 0 MATCH 0.7440098470159927
0.4 204 81 0.03958720769174112 0.1 0.003619384765625011 MATCH 0.6951589156696716
0.1 204 82 0.08253093207846507 0.1 0.0009248851397412189 MATCH 0.6461894377712998
0.2 204 82 0.04115930908958329 0.0 0 MATCH 0.6768992907000505
0.3 204 82 0.0570170607294764 0.1 0.0045199368451092625 MATCH 0.7171456965906475
0.4 204 82 0.03549995965119679 0.1 0.0007191451735919507 MATCH 0.7332964397547108
0.1 204 83 0.049382776698501246 0.0 0 MATCH 0.7542427520315036
0.2 204 83 0.04009599848053644 0.0 0 MATCH 0.7002640421636549
0.3 204 83 0.03272927728992181 0.0 0 MATCH 0.6889034189281501
0.4 204 83 0.03581797256418745 0.3 0.003102786587171724 MATCH 0.6515849073870801
0.1 204 84 0.10348911048565293 0.0 0 MATCH 0.9204144378134187
0.2 204 84 0.05073271268095175 0.0 0 MATCH 0.8971157308968358
0.3 204 84 0.043184958527245174 0.0 0 MATCH 0.8940371508206413
0.4 204 84 0.05621676909960044 0.2 0.002036939586777864 MATCH 0.8852007521682201
0.1 204 85 0.11110521846787069 0.0 0 MATCH 0.9153872491314381
0.2 204 85 0.08657383418583353 0.0 0 MATCH 0.9197293450583451
0.3 204 85 0.05570527804456142 0.0 0 MATCH 0.9274399209404679
0.4 204 85 0.0924442382085891 0.1 0.010058539254324816 MATCH 0.9281421464865112
0.1 204 86 0.06681778526682836 0.0 0 MATCH 0.8140810466570543
0.2 204 86 0.03304743708900465 0.0 0 MATCH 0.8299333360578217
0.3 204 86 0.029314980075322482 0.0 0 MATCH 0.854874618772725
0.4 204 86 0.04289221409523869 0.1 0.00024994434696623546 MATCH 0.8599596603777926
0.1 204 87 0.07549523223530169 0.1 0.00024540641091086446 MATCH 0.8619959094342378
0.2 204 87 0.06971030933841771 0.1 0.0023319131575246788 MATCH 0.8545814192702123
0.3 204 87 0.039466275397914884 0.0 0 MATCH 0.8757704571494436
0.4 204 87 0.05569302641003318 0.3 0.0024509417029621172 MATCH 0.8726361444323224
0.1 204 88 0.12782123097699827 0.0 0 MATCH 0.9320103948425708
0.2 204 88 0.07180050203016583 0.0 0 MATCH 0.9355604475793982
0.3 204 88 0.09998009485789532 0.3 0.008097802644008334 MATCH 0.9305253927874257
0.4 204 88 0.04867514585837368 0.0 0 MATCH 0.9178693186807075
0.1 204 89 0.08822544000305244 0.0 0 MATCH 0.8169110912969171
0.2 204 89 0.057953717585007974 0.0 0 MATCH 0.8131962657813683
0.3 204 89 0.05133214439794994 0.1 0.00038616028565818805 MATCH 0.8334860848295635
0.4 204 89 0.050957922457422755 0.1 0.0028864862986272 MATCH 0.8357265470189146
0.1 204 90 0.08421668967776394 0.0 0 MATCH 0.7713264231457144
0.2 204 90 0.05710078515847289 0.1 3.0701490692064404e-05 MATCH 0.7846822688367656
0.3 204 90 0.05300812304527003 0.2 0.00191478684994012 MATCH 0.8036328155536484
0.4 204 90 0.03711226009435395 0.0 0 MATCH 0.8069343937174909
0.1 204 91 0.08194086987684673 0.1 0.0005295001671935806 MATCH 0.7934030656044537
0.2 204 91 0.07519484436651874 0.1 0.005247339151673414 MATCH 0.7613923869240262
0.3 204 91 0.04505449461547758 0.1 0.001629642732943748 MATCH 0.7713693952743835
0.4 204 91 0.02492727674879472 0.0 0 MATCH 0.7766275676785295
0.1 204 92 0.5060473680496214 0.0 0 MATCH 0.9939323192192914
0.2 204 92 0.1871545765850996 0.0 0 MATCH 0.9898139444101866
0.3 204 92 0.18336587581994376 0.0 0 MATCH 0.9926441093111175
0.4 204 92 0.13292030789958914 0.0 0 MATCH 0.9926814735417772
0.1 204 93 0.2763711137381214 0.0 0 MATCH 0.9924218653780212
0.2 204 93 0.36590580012174245 0.0 0 MATCH 0.9916178800548909
0.3 204 93 0.1943386748985009 0.0 0 MATCH 0.9923892794360049
0.4 204 93 0.20119676212806484 0.1 0.009614636264951848 MATCH 0.9903178608010516
0.1 204 94 0.274445306687128 0.0 0 MATCH 0.984838855042578
0.2 204 94 0.28961612503842077 0.1 0.0022495953685258696 MATCH 0.9825868534074651
0.3 204 94 0.15454494591915244 0.0 0 MATCH 0.9873014294441503
0.4 204 94 0.17765482734231397 0.0 0 MATCH 0.9878329388639827
0.1 204 95 0.1623856680733815 0.0 0 MATCH 0.9868738287693493
0.2 204 95 0.10145114098322805 0.0 0 MATCH 0.985576892179705
0.3 204 95 0.10206543117858699 0.0 0 MATCH 0.9877419937787714
0.4 204 95 0.10850124974404615 0.0 0 MATCH 0.9897513284395293
0.1 204 96 0.5572608819528785 0.2 0.008243028656775175 MATCH 0.9961901200210372
0.2 204 96 0.1696423526414098 0.0 0 MATCH 0.9925041630109532
0.3 204 96 0.22382415121185903 0.1 0.001460718999714672 MATCH 0.9899066795232028
0.4 204 96 0.11232015821668814 0.0 0 MATCH 0.9873514472845055
0.1 204 97 0.055678005766374855 0.0 0 MATCH 0.6794378074231189
0.2 204 97 0.028023483830215967 0.0 0 MATCH 0.7129199175280971
0.3 204 97 0.07397788642199699 0.1 0.010403463339945962 MATCH 0.7204170799771691
0.4 204 97 0.04159302395961184 0.1 0.004270241858792989 MATCH 0.700375597120076
0.1 204 98 0.10170494714131464 0.0 0 MATCH 0.8742305193725028
0.2 204 98 0.07781017909297791 0.0 0 MATCH 0.909796848771099
0.3 204 98 0.04923719840351448 0.0 0 MATCH 0.916606547927598
0.4 204 98 0.047749650244619246 0.0 0 MATCH 0.9209000117760567
0.1 204 99 0.0680943845338057 0.0 0 MATCH 0.7075391665243155
0.2 204 99 0.03866861054983031 0.0 0 MATCH 0.678094120927575
0.3 204 99 0.01803768718824761 0.0 0 MATCH 0.6599901664683184
0.4 204 99 0.02144610704162664 0.0 0 MATCH 0.6312132725535065
0.1 204 100 0.4851118306644628 0.1 0.008588582819158391 MATCH 0.9942622192248219
0.2 204 100 0.40419198119122035 0.2 0.018555583124575364 MATCH 0.9946134993700058
0.3 204 100 0.20675593246648344 0.0 0 MATCH 0.9921378855926823
0.4 204 100 0.15331084607383624 0.0 0 MATCH 0.9841273482610241
0.1 204 101 0.05951418084084836 0.0 0 MATCH 0.8035340058413991
0.2 204 101 0.061553921623693775 0.0 0 MATCH 0.8023140706891262
0.3 204 101 0.031203479097600684 0.0 0 MATCH 0.8337117722555571
0.4 204 101 0.036033215481277026 0.0 0 MATCH 0.82885596838236
0.1 204 102 0.0954330967441977 0.1 0.0014923398553990386 MATCH 0.7408838622835735
0.2 204 102 0.028817637391177764 0.0 0 MATCH 0.7391099536119923
0.3 204 102 0.051077996849461425 0.1 0.0025799786371962785 MATCH 0.7472934877210557
0.4 204 102 0.03216895995252225 0.0 0 MATCH 0.7475792273292882
0.1 204 103 0.07004041331665295 0.0 0 MATCH 0.700285214926329
0.2 204 103 0.036193449985106596 0.0 0 MATCH 0.6951084256648408
0.3 204 103 0.038326216406813406 0.1 3.748787940721643e-05 MATCH 0.6879821878259649
0.4 204 103 0.034938519144376845 0.2 0.0017234387156540576 MATCH 0.6788383349915957
0.1 204 104 0.3971014583812041 0.0 0 MATCH 0.9912016464668436
0.2 204 104 0.23423559769340185 0.0 0 MATCH 0.9903583606784361
0.3 204 104 0.1310198465983072 0.0 0 MATCH 0.9893192105695146
0.4 204 104 0.1154965487393464 0.0 0 MATCH 0.9865830119488646
0.1 204 105 0.07068203036683512 0.0 0 MATCH 0.7677023474351096
0.2 204 105 0.05492125673496967 0.0 0 MATCH 0.7612711295057789
0.3 204 105 0.03739568325275537 0.0 0 MATCH 0.7767942942632058
0.4 204 105 0.024521147937799775 0.0 0 MATCH 0.7643888289233768
0.1 204 106 0.0954820404284279 0.1 0.0001916627285897532 MATCH 0.8278831179851915
0.2 204 106 0.07760515217754976 0.1 0.002696319838058625 MATCH 0.8431015965620023
0.3 204 106 0.05527699839996292 0.1 0.0009262239715391307 MATCH 0.8453998185367928
0.4 204 106 0.03920210821619918 0.0 0 MATCH 0.8383011564931078
0.1 204 107 0.07213461922900816 0.0 0 MATCH 0.7839946527233417
0.2 204 107 0.04484805116431817 0.0 0 MATCH 0.7230869309100126
0.3 204 107 0.042178254924589154 0.1 0.0009103837282084526 MATCH 0.7032248921555455
0.4 204 107 0.020743082479911523 0.0 0 MATCH 0.6961081923737108
0.1 204 108 0.21727093092473865 0.0 0 MATCH 0.9837724133884009
0.2 204 108 0.14805236857205126 0.0 0 MATCH 0.9744910248404025
0.3 204 108 0.1780042902919556 0.1 0.01203960706767554 MATCH 0.9746669549517131
0.4 204 108 0.09375967092849491 0.0 0 MATCH 0.9697579368559592
0.1 204 109 0.23312749360737045 0.2 0.0067114892452763975 MATCH 0.9400039260423323
0.2 204 109 0.06231288392941736 0.0 0 MATCH 0.9493831940946574
0.3 204 109 0.05621466609800526 0.0 0 MATCH 0.9441594284682779
0.4 204 109 0.05631864003287829 0.0 0 MATCH 0.9334312898943699
0.1 204 110 0.07114845774447986 0.0 0 MATCH 0.806989681159035
0.2 204 110 0.03845995265115795 0.0 0 MATCH 0.7933348640957346
0.3 204 110 0.03801506318173905 0.0 0 MATCH 0.7791920791719733
0.4 204 110 0.0314809472857322 0.0 0 MATCH 0.7577923586024579
0.1 204 111 0.0844568778661342 0.1 0.00041159816134556104 MATCH 0.7191830587544655
0.2 204 111 0.0749830969331089 0.1 0.004144229786553821 MATCH 0.7231780199626628
0.3 204 111 0.0313027306981382 0.0 0 MATCH 0.7184724485992934
0.4 204 111 0.0443102158796535 0.1 0.004763751312099829 MATCH 0.7174146594097274
0.1 204 112 0.10598545887866573 0.0 0 MATCH 0.934351248363579
0.2 204 112 0.08112557016904887 0.0 0 MATCH 0.9471238006378885
0.3 204 112 0.09306117545325787 0.1 0.0028437020721767126 MATCH 0.9424057085840915
0.4 204 112 0.045669821244251896 0.0 0 MATCH 0.9423115141431214
0.1 204 113 0.06913006423992424 0.0 0 MATCH 0.7116248274660688
0.2 204 113 0.05455598185328703 0.1 0.001162002192183792 MATCH 0.6999332016054888
0.3 204 113 0.02529068260862133 0.0 0 MATCH 0.6858267609504592
0.4 204 113 0.02565297709896039 0.0 0 MATCH 0.6561270174420669
0.1 204 114 0.06772489922880862 0.0 0 MATCH 0.8149275448079228
0.2 204 114 0.053359553951507765 0.1 0.0014139941787517651 MATCH 0.7505147058623417
0.3 204 114 0.02403789121647885 0.0 0 MATCH 0.7089033994864758
0.4 204 114 0.0256012842044398 0.0 0 MATCH 0.6690700952350943
0.1 204 115 0.05532062013632502 0.0 0 MATCH 0.8072337423296544
0.2 204 115 0.029149356398728843 0.0 0 MATCH 0.7463983149811597
0.3 204 115 0.024075081451215473 0.0 0 MATCH 0.68923824317905
0.4 204 115 0.0227971278445821 0.0 0 MATCH 0.6057475198628318
0.1 204 116 0.06127600834287428 0.0 0 MATCH 0.9386810853106002
0.2 204 116 0.09102051540263528 0.2 0.004046188537702333 MATCH 0.9138719940826803
0.3 204 116 0.04124151982836296 0.0 0 MATCH 0.8735520742497901
0.4 204 116 0.01766767832824298 0.0 0 MATCH 0.8316439611738607
0.1 204 117 0.08947837629893443 0.1 0.001085545628696033 MATCH 0.6743968327783536
0.2 204 117 0.028487283860992724 0.0 0 MATCH 0.6866567575478286
0.3 204 117 0.024401446422898654 0.0 0 MATCH 0.6912643322937033
0.4 204 117 0.031228014224357475 0.2 0.00031825008350361284 MATCH 0.6761302713115335
0.1 204 118 0.03057015941249769 0.0 0 MATCH 0.6808014939921092
0.2 204 118 0.0350777598602936 0.0 0 MATCH 0.6668346780101687
0.3 204 118 0.038182107100852944 0.1 0.0005566866122554415 MATCH 0.683422617405017
0.4 204 118 0.030241495495897386 0.1 0.0004563340417482742 MATCH 0.6646518022114131
0.1 204 119 0.04044390943818407 0.0 0 MATCH 0.6345481393205782
0.2 204 119 0.04078271847017423 0.0 0 MATCH 0.6524338465803649
0.3 204 119 0.039464834281685755 0.1 0.0017157378491908237 MATCH 0.6598827448423485
0.4 204 119 0.0134886805901277 0.0 0 MATCH 0.6282662470534642
0.1 204 120 0.12815582096698086 0.2 0.002803791613297163 MATCH 0.8327103906893258
0.2 204 120 0.08418419050133741 0.1 0.0038023146217131543 MATCH 0.8325160857445784
0.3 204 120 0.04072285081488066 0.0 0 MATCH 0.8389964318192653
0.4 204 120 0.036963704489954424 0.0 0 MATCH 0.8352695720360698
0.1 204 121 0.08279821517619662 0.1 0.0002577761386303029 MATCH 0.7686021886349509
0.2 204 121 0.029820552202889927 0.0 0 MATCH 0.7379329247849835
0.3 204 121 0.024469551576617454 0.0 0 MATCH 0.7214134669524503
0.4 204 121 0.023053691959992878 0.0 0 MATCH 0.6952329335709477
0.1 204 122 0.08309533985090045 0.1 0.0003534931518043849 MATCH 0.7188319397784615
0.2 204 122 0.04390062915325385 0.0 0 MATCH 0.7266208578047074
0.3 204 122 0.037216343202505775 0.0 0 MATCH 0.7092369303016517
0.4 204 122 0.015254048075571958 0.0 0 MATCH 0.6965116104253083
0.1 204 123 0.04608053814511778 0.0 0 MATCH 0.7587876582335962
0.2 204 123 0.04848719314790112 0.1 0.0001596542143486035 MATCH 0.7102590578300167
0.3 204 123 0.021915053306645893 0.0 0 MATCH 0.678898936287533
0.4 204 123 0.02744615694948993 0.0 0 MATCH 0.6590351131224228
0.1 204 124 0.07396781574848743 0.0 0 MATCH 0.8086368615413493
0.2 204 124 0.04743766120086548 0.0 0 MATCH 0.7832493526410449
0.3 204 124 0.03027827245402348 0.0 0 MATCH 0.771197243406847
0.4 204 124 0.04202188764299661 0.2 0.0026837732884790744 MATCH 0.7577828146928683
0.1 204 125 0.043243696515817276 0.0 0 MATCH 0.731961248870587
0.2 204 125 0.051984900879101514 0.1 7.118413561463255e-05 MATCH 0.7274949483684316
0.3 204 125 0.04509928380801165 0.2 0.0011915452683685657 MATCH 0.7225223688675081
0.4 204 125 0.01977679901378912 0.0 0 MATCH 0.7290065762338752
0.1 204 126 0.0736638332627712 0.0 0 MATCH 0.6860822707202953
0.2 204 126 0.0666022270022544 0.1 0.0030226827520498656 MATCH 0.6923008077334618
0.3 204 126 0.03183337737632482 0.0 0 MATCH 0.6963830831021514
0.4 204 126 0.03514356609851263 0.1 0.001405904229382804 MATCH 0.7128214588728695
0.1 204 127 0.058021799140020314 0.0 0 MATCH 0.6708100363335308
0.2 204 127 0.06435355702493539 0.1 0.0031316765511828493 MATCH 0.6927197728668693
0.3 204 127 0.04333529646280736 0.1 0.002009894841365545 MATCH 0.6916213058463239
0.4 204 127 0.039952382556308896 0.3 0.003745146829831403 MATCH 0.6798140133160377
0.1 204 128 0.3686795181102964 0.0 0 MATCH 0.998693189533378
0.2 204 128 0.32248293463863553 0.1 0.004664241733835728 MATCH 0.9976620903646237
0.3 204 128 0.18130829957154446 0.0 0 MATCH 0.9959487894700325
0.4 204 128 0.07992875235421332 0.0 0 MATCH 0.9922597089865578
0.1 204 129 0.055168282657342416 0.0 0 MATCH 0.8023722795049973
0.2 204 129 0.056447951442720745 0.1 0.0010098702875121768 MATCH 0.7701174119462337
0.3 204 129 0.04272539622534729 0.2 0.000875219813889272 MATCH 0.729447092343697
0.4 204 129 0.030324307252012628 0.0 0 MATCH 0.708792470540748
0.1 204 130 0.21157971134892234 0.1 0.0026170379096264185 MATCH 0.9628266082048267
0.2 204 130 0.12620422962881378 0.0 0 MATCH 0.9680355887584753
0.3 204 130 0.07634267046407683 0.0 0 MATCH 0.9733631089473247
0.4 204 130 0.07772604839221847 0.0 0 MATCH 0.9736970165351174
0.1 204 131 0.0730070074189762 0.0 0 MATCH 0.7499430552166911
0.2 204 131 0.0457856434595319 0.0 0 MATCH 0.7249416196619458
0.3 204 131 0.031400652201001855 0.0 0 MATCH 0.6961147165831449
0.4 204 131 0.028794615113308247 0.0 0 MATCH 0.6674666340260202
0.1 204 132 0.8120184101042196 0.0 0 MATCH 0.999795081967213
0.2 204 132 0.2957692146301269 0.0 0 MATCH 0.9970596697019459
0.3 204 132 0.3963570192635779 0.1 0.03321620527520247 MATCH 0.996405252447895
0.4 204 132 0.15342330932617193 0.0 0 MATCH 0.994929088487549
0.1 204 133 0.1794507643755744 0.0 0 MATCH 0.9842187725461923
0.2 204 133 0.1978998882014578 0.0 0 MATCH 0.9880365730528098
0.3 204 133 0.22117965916792548 0.2 0.013025256991386402 MATCH 0.9876325077038942
0.4 204 133 0.1353724896907807 0.0 0 MATCH 0.9847088767799171
0.1 204 134 0.119501955051447 0.0 0 MATCH 0.9223891412771549
0.2 204 134 0.0716037523178828 0.0 0 MATCH 0.9259197911674761
0.3 204 134 0.0816912040736556 0.1 0.004431498564733738 MATCH 0.9242048403435532
0.4 204 134 0.04944094797799892 0.0 0 MATCH 0.9075283380985282
0.1 204 135 0.05882035919920037 0.0 0 MATCH 0.8213579931167077
0.2 204 135 0.06682243289017092 0.0 0 MATCH 0.83884891060255
0.3 204 135 0.04158513264614416 0.0 0 MATCH 0.8419338839987967
0.4 204 135 0.01690430498338391 0.0 0 MATCH 0.8532371080413915
0.1 204 136 0.4289632833228921 0.0 0 MATCH 0.9984861033273912
0.2 204 136 0.3629078085905585 0.0 0 MATCH 0.9979411798294396
0.3 204 136 0.18390952461257382 0.0 0 MATCH 0.9944844523959755
0.4 204 136 0.11707615030222926 0.0 0 MATCH 0.9932391067894271
0.1 204 137 0.06451575182791713 0.0 0 MATCH 0.836211731293482
0.2 204 137 0.080827295780182 0.1 0.0037822617424858873 MATCH 0.8060778308922139
0.3 204 137 0.03993899046810264 0.0 0 MATCH 0.7812108567458065
0.4 204 137 0.023171430945077565 0.0 0 MATCH 0.7775751946181891
0.1 204 138 0.13046207041591137 0.0 0 MATCH 0.9636367442446779
0.2 204 138 0.11053657899242827 0.1 0.0011686115595646585 MATCH 0.9519787579947746
0.3 204 138 0.0805839721631276 0.2 0.0025367832127105028 MATCH 0.9503603405618957
0.4 204 138 0.05341597090026601 0.0 0 MATCH 0.9375580702520953
0.1 204 139 0.09598185921612004 0.0 0 MATCH 0.9430675877509925
0.2 204 139 0.039303725150825475 0.0 0 MATCH 0.9070518627044457
0.3 204 139 0.04956437757993537 0.0 0 MATCH 0.872705303208685
0.4 204 139 0.04160422984237397 0.2 0.0012271051394587285 MATCH 0.833762404162513
0.1 204 140 0.6317395241029802 0.0 0 MATCH 0.9997903563941299
0.2 204 140 0.330184482392811 0.0 0 MATCH 0.9991607059666483
0.3 204 140 0.15363575862004208 0.0 0 MATCH 0.9970178780653386
0.4 204 140 0.16084420053582432 0.0 0 MATCH 0.9947686274837209
0.1 204 141 0.43997496917468154 0.0 0 MATCH 0.9955115939904594
0.2 204 141 0.5161938272464045 0.1 0.028966876959345134 MATCH 0.9942863902970718
0.3 204 141 0.2169752385881212 0.0 0 MATCH 0.9942825966609034
0.4 204 141 0.1443963732038224 0.0 0 MATCH 0.9918895509642253
0.1 204 142 0.05987791082681243 0.0 0 MATCH 0.928783418325196
0.2 204 142 0.03786805780922484 0.0 0 MATCH 0.9059098475817841
0.3 204 142 0.036190689238023155 0.0 0 MATCH 0.8856843207831137
0.4 204 142 0.056645701678354476 0.1 0.005109969095968225 MATCH 0.8728426304595004
0.1 204 143 0.07082820347377256 0.0 0 MATCH 0.8960781485530381
0.2 204 143 0.058537455055657495 0.0 0 MATCH 0.8835104496796624
0.3 204 143 0.08040477741957153 0.1 0.006373232346837676 MATCH 0.8853544615440931
0.4 204 143 0.041012458521462875 0.0 0 MATCH 0.883590979005176
0.1 204 144 0.19476492492557743 0.1 0.0025208050785028024 MATCH 0.959925046970727
0.2 204 144 0.100275385207024 0.0 0 MATCH 0.9696941896053481
0.3 204 144 0.25329198475607406 0.2 0.03269782456571241 MATCH 0.9753068893025564
0.4 204 144 0.10049766673020447 0.2 0.006798753766535326 MATCH 0.9708112428024421
0.1 204 145 0.05230804152412699 0.0 0 MATCH 0.7331982619778175
0.2 204 145 0.056181448622683594 0.1 0.0014664355813317764 MATCH 0.7212569419899982
0.3 204 145 0.0373610588116835 0.1 0.00011819995495004898 MATCH 0.7077073014383234
0.4 204 145 0.028262467363515814 0.0 0 MATCH 0.6685554696654084
0.1 204 146 0.06058637899011621 0.0 0 MATCH 0.6339043931251241
0.2 204 146 0.04011488723285661 0.0 0 MATCH 0.691986843086824
0.3 204 146 0.04421951681610877 0.0 0 MATCH 0.7397347439946839
0.4 204 146 0.03547302384627929 0.0 0 MATCH 0.7835825172906284
0.1 204 147 0.08055571116268923 0.1 0.001114077925559176 MATCH 0.7382806159099673
0.2 204 147 0.03530448118190033 0.0 0 MATCH 0.7153672180216901
0.3 204 147 0.04064151547088298 0.2 0.0014554145019177178 MATCH 0.6902544442696916
0.4 204 147 0.023070631859678642 0.0 0 MATCH 0.6779775760726974
0.1 204 148 0.11976102834639263 0.0 0 MATCH 0.9278844535042291
0.2 204 148 0.08781165193433679 0.0 0 MATCH 0.9339796882647222
0.3 204 148 0.05573755249615213 0.0 0 MATCH 0.9237327438518841
0.4 204 148 0.054286446215773276 0.1 0.0003283134154105083 MATCH 0.9070187834217889
0.1 204 149 0.08173611941379014 0.0 0 MATCH 0.8248295236802268
0.2 204 149 0.031230155995350117 0.0 0 MATCH 0.836973586623414
0.3 204 149 0.04200619871511398 0.0 0 MATCH 0.8514825441452055
0.4 204 149 0.04681904457089561 0.1 0.00035374914234886923 MATCH 0.8580119921860939
0.1 204 150 0.08133876261286727 0.1 8.546120209229624e-06 MATCH 0.7512730725854895
0.2 204 150 0.06341512047829789 0.1 0.001246536907697826 MATCH 0.7482236547385875
0.3 204 150 0.05387394809981054 0.2 0.002910942349264145 MATCH 0.7654120933583098
0.4 204 150 0.03626316614334574 0.2 0.00019836359768743428 MATCH 0.7734365388401919
0.1 204 151 0.06233954711137968 0.0 0 MATCH 0.7833479459388555
0.2 204 151 0.058725871262505364 0.1 0.0012547627511816373 MATCH 0.7713694749147318
0.3 204 151 0.04743272589786833 0.1 0.0013777984210959215 MATCH 0.7658758841195957
0.4 204 151 0.036194180374349294 0.1 0.0007014506402533982 MATCH 0.7598444576578618
0.1 204 152 0.1900273302152225 0.2 0.0034875132590419244 MATCH 0.9414671842542809
0.2 204 152 0.10758610506180155 0.0 0 MATCH 0.954240344921151
0.3 204 152 0.0975377853602579 0.1 4.514929366483678e-06 MATCH 0.9563377820056049
0.4 204 152 0.11004961612852915 0.1 0.015412233538575959 MATCH 0.9524088919355913
0.1 204 153 0.10095197817229784 0.1 0.0021085350552713933 MATCH 0.7756920310570046
0.2 204 153 0.02730038271599733 0.0 0 MATCH 0.7637490999831733
0.3 204 153 0.023329064630057128 0.0 0 MATCH 0.7556570920484467
0.4 204 153 0.023645025759947286 0.0 0 MATCH 0.7624068250707541
0.1 204 154 0.13043852438006487 0.1 0.003778063623528727 MATCH 0.8084450435704597
0.2 204 154 0.06368205539082988 0.0 0 MATCH 0.8461061599947163
0.3 204 154 0.04100043825108387 0.0 0 MATCH 0.8808158018943228
0.4 204 154 0.045020884693328794 0.0 0 MATCH 0.8800832859238386
0.1 204 155 0.10533734438429421 0.0 0 MATCH 0.9108935052538861
0.2 204 155 0.1166057126275423 0.1 0.0015724866143588256 MATCH 0.9236061410418893
0.3 204 155 0.09357085564048333 0.1 0.004715736745873 MATCH 0.9248684143375765
0.4 204 155 0.07380828083182717 0.1 0.007097364165138176 MATCH 0.9131675872626145
0.1 204 156 0.16522930330535424 0.1 0.0005646930091259411 MATCH 0.9225679143643285
0.2 204 156 0.17801327370480943 0.2 0.011177366633080332 MATCH 0.9293417407747885
0.3 204 156 0.09234218388213164 0.1 0.00404127500258461 MATCH 0.9238224368530915
0.4 204 156 0.048840875336618045 0.0 0 MATCH 0.9265596024593827
0.1 204 157 0.20632214954445088 0.1 0.004975954210195824 MATCH 0.9231723342184182
0.2 204 157 0.05438135232135752 0.0 0 MATCH 0.9291982045415763
0.3 204 157 0.04750615969989843 0.0 0 MATCH 0.9308723549735074
0.4 204 157 0.056361151584707614 0.0 0 MATCH 0.9177612120601321
0.1 204 158 0.10522520280809064 0.0 0 MATCH 0.8857718845099264
0.2 204 158 0.08537259458649193 0.1 0.00020301052715987478 MATCH 0.9130196907145594
0.3 204 158 0.06938021329364201 0.1 0.001190880814526063 MATCH 0.9069808764222108
0.4 204 158 0.0501116494000968 0.0 0 MATCH 0.9090887973539548
0.1 204 159 0.10732552199037293 0.0 0 MATCH 0.8994436693358739
0.2 204 159 0.04887965125759161 0.0 0 MATCH 0.911014164377888
0.3 204 159 0.0566033536564566 0.0 0 MATCH 0.908729791347308
0.4 204 159 0.03911890360298098 0.0 0 MATCH 0.9000957938834224
0.1 204 160 0.26961548532251967 0.0 0 MATCH 0.9920440172440912
0.2 204 160 0.22785934030193147 0.0 0 MATCH 0.9920100494636358
0.3 204 160 0.18224125282437204 0.0 0 MATCH 0.9893822740643101
0.4 204 160 0.103436695901971 0.0 0 MATCH 0.9877054522971139
0.1 204 161 0.07884608591325809 0.1 0.0003768564396923607 MATCH 0.7184434660299525
0.2 204 161 0.04178669149700165 0.0 0 MATCH 0.7058264059528433
0.3 204 161 0.042007320344258546 0.1 0.0014428418681985966 MATCH 0.6964530002585442
0.4 204 161 0.013816859624157102 0.0 0 MATCH 0.6821946137588454
0.1 204 162 0.12224445623510022 0.0 0 MATCH 0.9337260664162056
0.2 204 162 0.1260364192514818 0.1 0.0008596124461091037 MATCH 0.9531396411994761
0.3 204 162 0.0959344069646123 0.0 0 MATCH 0.9562644478603367
0.4 204 162 0.06285694970024958 0.0 0 MATCH 0.9567767089131509
0.1 204 163 0.09204278586982625 0.1 0.002187483873627938 MATCH 0.5662985473360101
0.2 204 163 0.022729584360084987 0.0 0 MATCH 0.6207575181283904
0.3 204 163 0.0479589007978117 0.2 0.0037566294735073558 MATCH 0.6329834690013795
0.4 204 163 0.00909106850298616 0.0 0 MATCH 0.6444225370252169
0.1 204 164 0.6008447863391994 0.2 0.006828827218911079 MATCH 0.9941065236613987
0.2 204 164 0.2766827884902301 0.0 0 MATCH 0.9914515749470052
0.3 204 164 0.2635536849293923 0.2 0.018841710041478776 MATCH 0.9911478484366795
0.4 204 164 0.20447195053100609 0.1 0.022434677124023528 MATCH 0.9896914991245023
0.1 204 165 0.057662781611190206 0.0 0 MATCH 0.8001309153612208
0.2 204 165 0.031163192458348032 0.0 0 MATCH 0.7982489410867293
0.3 204 165 0.06098176539526545 0.2 0.004203594248012477 MATCH 0.8024156342920786
0.4 204 165 0.0244798055719056 0.0 0 MATCH 0.8021525861779901
0.1 204 166 0.10061958673412266 0.0 0 MATCH 0.8961994698837591
0.2 204 166 0.0678642981652594 0.0 0 MATCH 0.9057650369279002
0.3 204 166 0.061216705668866354 0.0 0 MATCH 0.9112917881567123
0.4 204 166 0.05864260510126451 0.1 0.002133458250215048 MATCH 0.9016752403918609
0.1 204 167 0.08738163012198569 0.1 0.0013701153246858527 MATCH 0.7578846068372794
0.2 204 167 0.03841970950951762 0.0 0 MATCH 0.7555457960723824
0.3 204 167 0.0428568906089553 0.2 0.00095311464678971 MATCH 0.7552449796464779
0.4 204 167 0.03387191349709065 0.1 0.00044200325508725324 MATCH 0.742761313996896
0.1 204 168 0.5380769264040971 0.2 0.012121191257383757 MATCH 0.9942044991414889
0.2 204 168 0.182992232473273 0.0 0 MATCH 0.9931112607362286
0.3 204 168 0.19796819854200917 0.1 0.002222161543996737 MATCH 0.9919064320367799
0.4 204 168 0.13454665512335123 0.0 0 MATCH 0.9918067613200463
0.1 204 169 0.14210515169753246 0.2 0.004082544071158184 MATCH 0.7775763568285479
0.2 204 169 0.13214152241749613 0.1 0.011905209213660062 MATCH 0.8001884832326576
0.3 204 169 0.06634730309483083 0.1 0.004608182849369757 MATCH 0.8215390969840491
0.4 204 169 0.022200611504641365 0.0 0 MATCH 0.816859852962841
0.1 204 170 0.1295210906404383 0.1 0.000568948665135377 MATCH 0.9325568762757104
0.2 204 170 0.13068111718692002 0.1 0.005885825983985293 MATCH 0.9427550709885686
0.3 204 170 0.08288361681069631 0.1 0.002680186724036193 MATCH 0.945123880417162
0.4 204 170 0.08013107314448431 0.2 0.0015327643982049888 MATCH 0.9384300364547633
0.1 204 171 0.23775164441137975 0.1 0.00931552565510077 MATCH 0.8906623787936251
0.2 204 171 0.07407608397769078 0.0 0 MATCH 0.9307090066442953
0.3 204 171 0.07682063808910511 0.1 1.7025326722375222e-05 MATCH 0.9363403689032841
0.4 204 171 0.05964816406852591 0.0 0 MATCH 0.9288437252559782
0.1 204 172 0.25250406215845594 0.0 0 MATCH 0.9949202700494769
0.2 204 172 0.36055339010138243 0.1 0.006849188553659513 MATCH 0.9944563882292705
0.3 204 172 0.15019331307246753 0.0 0 MATCH 0.9930922052943452
0.4 204 172 0.13755994776020866 0.0 0 MATCH 0.988732865709926
0.1 204 173 0.130866175699966 0.0 0 MATCH 0.9101816533591996
0.2 204 173 0.1376073225272148 0.1 0.009067014043092458 MATCH 0.9259060375759468
0.3 204 173 0.04270583186349671 0.0 0 MATCH 0.9212068988701396
0.4 204 173 0.06941096515138884 0.1 0.005228185785482342 MATCH 0.9163880491339613
0.1 204 174 0.119839739070709 0.0 0 MATCH 0.9433626981518503
0.2 204 174 0.0891383627186651 0.0 0 MATCH 0.9487936636359302
0.3 204 174 0.047227080893401295 0.0 0 MATCH 0.9428474311185802
0.4 204 174 0.0478437292769876 0.0 0 MATCH 0.9448725290225746
0.1 204 175 0.18516132111694672 0.1 0.001550199978899755 MATCH 0.9276914499398146
0.2 204 175 0.09341857243800877 0.0 0 MATCH 0.9468005003457558
0.3 204 175 0.03796143839296514 0.0 0 MATCH 0.9534400893711377
0.4 204 175 0.07855548741627333 0.0 0 MATCH 0.9557303810397564
0.1 204 176 0.09713571721857259 0.0 0 MATCH 0.9232378428564416
0.2 204 176 0.19339035652779238 0.1 0.010731959987331119 MATCH 0.9512481196665397
0.3 204 176 0.09812370422204528 0.0 0 MATCH 0.9567770897784076
0.4 204 176 0.09578899050318446 0.1 0.0037253289054861582 MATCH 0.9561563389288356
0.1 204 177 0.03661660523436777 0.0 0 MATCH 0.5856766471134266
0.2 204 177 0.06040345760354976 0.1 0.0028393448142339517 MATCH 0.6084658203634891
0.3 204 177 0.02572697509651149 0.0 0 MATCH 0.6244530767245415
0.4 204 177 0.02814032343372963 0.0 0 MATCH 0.6492579867017798
0.1 204 178 0.05317479113628676 0.0 0 MATCH 0.7389933638435792
0.2 204 178 0.05007337104390372 0.1 0.001400867985799692 MATCH 0.6721519619089478
0.3 204 178 0.029350434517936286 0.0 0 MATCH 0.6847006335398094
0.4 204 178 0.02504892650891974 0.0 0 MATCH 0.7228535046268522
0.1 204 179 0.09075536227095449 0.1 0.0025594656417516903 MATCH 0.6145314985986345
0.2 204 179 0.03337493947353512 0.0 0 MATCH 0.6616101168874321
0.3 204 179 0.04807027459536299 0.2 0.0037047036245121956 MATCH 0.6848350788113802
0.4 204 179 0.01930864553396333 0.0 0 MATCH 0.7162845445676597
0.1 204 180 0.15872009940769372 0.1 0.0038701335447478696 MATCH 0.9080008782129271
0.2 204 180 0.05699782123864433 0.0 0 MATCH 0.9121321979291555
0.3 204 180 0.0709766616194707 0.1 0.0037318233031988224 MATCH 0.9053202631895287
0.4 204 180 0.0392027289619272 0.0 0 MATCH 0.8860575103660244
0.1 204 181 0.04486545245220935 0.0 0 MATCH 0.760555223514257
0.2 204 181 0.05776658290968545 0.1 0.0014582024779732083 MATCH 0.7467252937160813
0.3 204 181 0.026495468297433693 0.0 0 MATCH 0.7614492518340469
0.4 204 181 0.01975400777276287 0.0 0 MATCH 0.7424124852056784
0.1 204 182 0.07191222415994888 0.0 0 MATCH 0.853678738549208
0.2 204 182 0.04657173684894628 0.0 0 MATCH 0.8151467310442776
0.3 204 182 0.04203669629199954 0.0 0 MATCH 0.7875527403053126
0.4 204 182 0.03489263650255897 0.0 0 MATCH 0.7887218165910881
0.1 204 183 0.09297792651537129 0.1 0.0016959418276899507 MATCH 0.8634769876688937
0.2 204 183 0.038141224911975025 0.0 0 MATCH 0.8245117520137226
0.3 204 183 0.04103577498539439 0.0 0 MATCH 0.8102810855167542
0.4 204 183 0.031209676965276018 0.0 0 MATCH 0.8169143295833813
0.1 204 184 0.07728797004898785 0.0 0 MATCH 0.7859752600572023
0.2 204 184 0.08841656617797497 0.1 0.0027113759918679925 MATCH 0.8415052291399576
0.3 204 184 0.03707026092757175 0.0 0 MATCH 0.8756842340402067
0.4 204 184 0.07541891281257054 0.1 0.008281264582814862 MATCH 0.8951727493571863
0.1 204 185 0.11658539090837722 0.1 6.877354213166709e-05 MATCH 0.8548808034515039
0.2 204 185 0.10628666659992403 0.2 0.003481924833811406 MATCH 0.9043624685169016
0.3 204 185 0.05947488771009128 0.0 0 MATCH 0.9167463170510606
0.4 204 185 0.04194113417524459 0.0 0 MATCH 0.9198885128361978
0.1 204 186 0.13339746478560108 0.0 0 MATCH 0.9231534751870241
0.2 204 186 0.12076304394911239 0.1 0.002998167995348966 MATCH 0.9513345502419078
0.3 204 186 0.07220761353355606 0.0 0 MATCH 0.9532390938326343
0.4 204 186 0.04859275107057928 0.0 0 MATCH 0.9455771707079854
0.1 204 187 0.09585090606880092 0.0 0 MATCH 0.9302664757488447
0.2 204 187 0.12274837372098987 0.0 0 MATCH 0.966971013376525
0.3 204 187 0.07225414263364853 0.0 0 MATCH 0.9655890952519373
0.4 204 187 0.0981096826796779 0.1 0.002178803132259155 MATCH 0.9615701331603876
0.1 204 188 0.17008601743901286 0.0 0 MATCH 0.953100965458848
0.2 204 188 0.16473580528708065 0.1 0.007373724544749549 MATCH 0.9652840606557692
0.3 204 188 0.07432363956794308 0.0 0 MATCH 0.9614658001119676
0.4 204 188 0.06055183794996907 0.0 0 MATCH 0.9516902542480125
0.1 204 189 0.20438665024777675 0.1 0.0035743071447258135 MATCH 0.956990104162206
0.2 204 189 0.09999448060989374 0.0 0 MATCH 0.9650911704159526
0.3 204 189 0.06557352777818308 0.0 0 MATCH 0.9671662545684576
0.4 204 189 0.08540000476214782 0.0 0 MATCH 0.9651150777548176
0.1 204 190 0.09154532824226638 0.0 0 MATCH 0.9574305488741537
0.2 204 190 0.13026288850585224 0.0 0 MATCH 0.9725797053533235
0.3 204 190 0.07376678501338552 0.0 0 MATCH 0.9750576152549101
0.4 204 190 0.07908489605108385 0.0 0 MATCH 0.9697353012996363
0.1 204 191 0.16701028720123245 0.0 0 MATCH 0.9694403111349871
0.2 204 191 0.1018643081188203 0.0 0 MATCH 0.9767215331926442
0.3 204 191 0.1205252107426654 0.1 0.001528787981413593 MATCH 0.9694290860917446
0.4 204 191 0.11117211827692 0.1 0.0028900434386055496 MATCH 0.9748136566055455
0.1 204 192 0.5692834556102752 0.0 0 MATCH 0.9989203266972464
0.2 204 192 0.35162039648128446 0.1 0.008342564490533666 MATCH 0.996834894121666
0.3 204 192 0.13667797568618079 0.0 0 MATCH 0.9966468180070148
0.4 204 192 0.09619736671447748 0.0 0 MATCH 0.9915587190825501
0.1 204 193 0.07197732033981483 0.0 0 MATCH 0.8495054317635345
0.2 204 193 0.06883878306592581 0.1 0.0020908428515804545 MATCH 0.8152854294889043
0.3 204 193 0.05348772895317951 0.1 0.0024729719739152167 MATCH 0.7945071089670074
0.4 204 193 0.03194410933388611 0.0 0 MATCH 0.7727342066035368
0.1 204 194 0.21099326856690706 0.1 2.685165007493273e-05 MATCH 0.9409212527525487
0.2 204 194 0.1448359284104342 0.1 0.0029380232523502914 MATCH 0.9551852126190716
0.3 204 194 0.11882122707674247 0.1 0.004828123426591058 MATCH 0.9572420467562267
0.4 204 194 0.0760030785279811 0.0 0 MATCH 0.9497091957246286
0.1 204 195 0.060290617749870073 0.0 0 MATCH 0.7834694387192466
0.2 204 195 0.06670397116976673 0.2 0.0024433360380284874 MATCH 0.7660622924112449
0.3 204 195 0.06032445252470505 0.1 0.005088915776223557 MATCH 0.7708426488884064
0.4 204 195 0.037814626287280134 0.1 0.0013438629470834962 MATCH 0.7507640422051165
0.1 204 196 0.576430879790207 0.0 0 MATCH 0.9993646032808066
0.2 204 196 0.1293410171161996 0.0 0 MATCH 0.9985390855172301
0.3 204 196 0.19040256076388884 0.0 0 MATCH 0.9978858601183458
0.4 204 196 0.2561878476824081 0.0 0 MATCH 0.9960541200396644
0.1 204 197 0.778808028609664 0.1 0.011173841688368047 MATCH 0.9922559652712893
0.2 204 197 0.6162470976511633 0.1 0.04427731831868481 MATCH 0.993379919736034
0.3 204 197 0.1301019311495568 0.0 0 MATCH 0.9916611684148025
0.4 204 197 0.18171744876437704 0.0 0 MATCH 0.992323329895427
0.1 204 198 0.23800950598633658 0.1 0.004384711395157337 MATCH 0.9336788113584051
0.2 204 198 0.09078960219326748 0.0 0 MATCH 0.9233263447491472
0.3 204 198 0.11077762657487888 0.1 0.01104287160954004 MATCH 0.9279709730763133
0.4 204 198 0.059636145381265354 0.0 0 MATCH 0.9195652101946242
0.1 204 199 0.16823638664497126 0.2 0.003199688418880936 MATCH 0.9175874994029734
0.2 204 199 0.16516270839662617 0.1 0.012059106612740567 MATCH 0.9250664582917976
0.3 204 199 0.05167324260129743 0.0 0 MATCH 0.9168987326902618
0.4 204 199 0.06664583702004526 0.1 0.00023334677196951148 MATCH 0.9244898134903169
0.1 204 200 2.047019413539341 0.2 0.04635794503348209 MATCH 0.999577098970464
0.2 204 200 0.6565749604823226 0.1 0.006248913781117582 MATCH 0.9995718864468864
0.3 204 200 0.5076992868006914 0.1 0.026481733650996764 MATCH 0.9995806511105062
0.4 204 200 0.3031858716692244 0.0 0 MATCH 0.998525856662203
0.1 204 201 0.2569951144131749 0.0 0 MATCH 0.9701065307452655
0.2 204 201 0.17885238394086206 0.1 0.003841298796593895 MATCH 0.9691134161646744
0.3 204 201 0.10022912796011418 0.0 0 MATCH 0.9700929469408803
0.4 204 201 0.08511494052025573 0.0 0 MATCH 0.9715236892289418
0.1 204 202 0.61417728000217 0.1 0.005923800998263881 MATCH 0.99201610761032
0.2 204 202 0.24309748411178583 0.0 0 MATCH 0.9937824994121313
0.3 204 202 0.12165708822998593 0.0 0 MATCH 0.9912728609594252
0.4 204 202 0.1401284519988713 0.0 0 MATCH 0.9884080114186853
0.1 204 203 0.4612350463867185 0.0 0 MATCH 0.9953265172787906
0.2 204 203 0.29354519844055155 0.1 0.000382503386466726 MATCH 0.9915241707131119
0.3 204 203 0.1842748934476246 0.0 0 MATCH 0.9879897070004844
0.4 204 203 0.17258400543063324 0.1 0.0025247199862611924 MATCH 0.9897976709790264
0.1 204 205 1.0 0.1 0.1 MATCH 0.9987498064390132
0.2 204 205 0.7619959513346349 0.0 0 MATCH 0.9991231635747765
0.3 204 205 0.4783525466918946 0.0 0 MATCH 0.9979034946452223
0.4 204 205 0.39781700692525734 0.1 0.023859684641768353 MATCH 0.9985394468317736
0.1 204 206 0.6317395241029802 0.0 0 MATCH 0.9970535762179846
0.2 204 206 0.5610350984515563 0.1 0.003805828094482433 MATCH 0.9960382363576841
0.3 204 206 0.27911850565297586 0.0 0 MATCH 0.9953980532377449
0.4 204 206 0.1525204976399741 0.0 0 MATCH 0.9968415494997528
0.1 204 207 0.8246301015218096 0.0 0 MATCH 0.9956735473962783
0.2 204 207 0.604897466938147 0.1 0.020262163140800538 MATCH 0.9971007596383863
0.3 204 207 0.20674010246030772 0.0 0 MATCH 0.9955378858597872
0.4 204 207 0.19289406031778422 0.0 0 MATCH 0.9959197432774534
0.1 204 208 0.128594304572755 0.1 0.0008326580695913743 MATCH 0.9607541120459586
0.2 204 208 0.09969230230852527 0.0 0 MATCH 0.9580314715516888
0.3 204 208 0.07069055140077551 0.0 0 MATCH 0.949362580668536
0.4 204 208 0.07508694122884865 0.1 0.006892608036504655 MATCH 0.9330454287391763
0.1 204 209 0.12368701796118681 0.1 0.0015928191191481311 MATCH 0.9466615691775949
0.2 204 209 0.061722493837152864 0.0 0 MATCH 0.9079885025280255
0.3 204 209 0.0393023387719423 0.0 0 MATCH 0.8682195703066545
0.4 204 209 0.02390404751426295 0.0 0 MATCH 0.8308576127738574
0.1 204 210 0.12066304762748184 0.1 3.539544304415054e-05 MATCH 0.822072400284053
0.2 204 210 0.09646042563698512 0.2 0.004744060169566744 MATCH 0.8592596298462414
0.3 204 210 0.07484590955626906 0.1 0.0038064411708286783 MATCH 0.878350331332015
0.4 204 210 0.03288907606606467 0.0 0 MATCH 0.8844836011023112
0.1 204 211 0.1342096639041529 0.0 0 MATCH 0.917575729429039
0.2 204 211 0.08623908668436042 0.0 0 MATCH 0.9356943031557885
0.3 204 211 0.12223936277756253 0.1 0.01281505321341253 MATCH 0.9187203239197936
0.4 204 211 0.06436453056517272 0.1 0.004363244914008468 MATCH 0.897679559897764
0.1 204 212 0.09612445464085614 0.0 0 MATCH 0.9274983713648914
0.2 204 212 0.07457175152755333 0.1 0.0015583303990333586 MATCH 0.9091692086629839
0.3 204 212 0.04650500207781738 0.0 0 MATCH 0.8938305851116095
0.4 204 212 0.0341779859392316 0.0 0 MATCH 0.8713966329542924
0.1 204 213 0.09523346483595485 0.1 0.00019479193251159543 MATCH 0.8942843144619284
0.2 204 213 0.08668273309500929 0.1 0.0031980193384504585 MATCH 0.8891748712226513
0.3 204 213 0.06410907705624913 0.1 0.0024688856168227358 MATCH 0.8894226282603739
0.4 204 213 0.048331378165473726 0.1 2.116776557004041e-05 MATCH 0.8943089401832405
0.1 204 214 0.1795612495283426 0.1 0.007085959343143794 MATCH 0.8840302277447339
0.2 204 214 0.06987254337841253 0.0 0 MATCH 0.9026189748236721
0.3 204 214 0.08108308687329017 0.1 0.003459584050038711 MATCH 0.9032694279234408
0.4 204 214 0.04820132616297573 0.0 0 MATCH 0.8987566060876222
0.1 204 215 0.10362954517503353 0.0 0 MATCH 0.9144116764163162
0.2 204 215 0.08554931283603462 0.0 0 MATCH 0.9137107706066601
0.3 204 215 0.060216889345556246 0.0 0 MATCH 0.9048179908721709
0.4 204 215 0.03783316305308454 0.0 0 MATCH 0.9034026655932232
0.1 204 216 0.3287611930601057 0.0 0 MATCH 0.9949455679692389
0.2 204 216 0.2052177128038908 0.0 0 MATCH 0.992431122066102
0.3 204 216 0.18314780440984985 0.0 0 MATCH 0.9933342963725863
0.4 204 216 0.16814573635399122 0.1 0.009427242917199097 MATCH 0.9907794781861403
0.1 204 217 0.5768464567697592 0.1 0.005164813511262689 MATCH 0.9938776739847459
0.2 204 217 0.25069909466954726 0.0 0 MATCH 0.9891422643670275
0.3 204 217 0.23098350928081723 0.1 0.002692148162097452 MATCH 0.9907033023044169
0.4 204 217 0.09594706088136132 0.0 0 MATCH 0.9899073045174841
0.1 204 218 0.5672578811645507 0.0 0 MATCH 0.9919409270265055
0.2 204 218 0.2433284248053695 0.0 0 MATCH 0.9924332456989189
0.3 204 218 0.23531123950059113 0.1 0.015714219225001658 MATCH 0.9898418393422528
0.4 204 218 0.1567272432683188 0.0 0 MATCH 0.9894681535927601
0.1 204 219 0.3112306312696467 0.0 0 MATCH 0.9957111742233528
0.2 204 219 0.3094791252456025 0.1 0.004970037741739264 MATCH 0.9950552373409234
0.3 204 219 0.24951607224631459 0.1 0.011329443980071574 MATCH 0.9939415101244826
0.4 204 219 0.0664926475310422 0.0 0 MATCH 0.9925558182899579
0.1 204 220 0.6027092515376578 0.0 0 MATCH 0.9970334374977761
0.2 204 220 0.3445705356019915 0.0 0 MATCH 0.9959622876573754
0.3 204 220 0.2111775412488338 0.0 0 MATCH 0.9956463932260423
0.4 204 220 0.30997898704127264 0.1 0.0033698634097450997 MATCH 0.9957533313729652
0.1 204 221 0.9074552021329363 0.0 0 MATCH 0.99707368797827
0.2 204 221 0.52965140068668 0.1 0.005373128255208304 MATCH 0.9966864561632865
0.3 204 221 0.3746533819207563 0.0 0 MATCH 0.9953698984491958
0.4 204 221 0.24890157653064265 0.0 0 MATCH 0.9985803396778884
0.1 204 222 0.5982609260372997 0.0 0 MATCH 0.9978973291426112
0.2 204 222 0.4835622960870914 0.1 0.008234197443181823 MATCH 0.9961219769070734
0.3 204 222 0.24709221624558983 0.0 0 MATCH 0.995801724620601
0.4 204 222 0.24860219160715735 0.0 0 MATCH 0.9951035029125803
0.1 204 223 1.1874389648437504 0.2 0.004825123246893798 MATCH 0.9978622453458682
0.2 204 223 0.5638504406013112 0.2 0.018981299069848412 MATCH 0.9981402418762657
0.3 204 223 0.2379589080810547 0.0 0 MATCH 0.9967036804460614
0.4 204 223 0.13862234837300064 0.0 0 MATCH 0.9953574170335384
0.1 204 224 0.2872134752510008 0.0 0 MATCH 0.992336929747599
0.2 204 224 0.23089052501477705 0.0 0 MATCH 0.9922295954887945
0.3 204 224 0.10867572280595872 0.0 0 MATCH 0.9895925308644223
0.4 204 224 0.09131290466804817 0.0 0 MATCH 0.9870215966660159
0.1 204 225 0.1408092636261543 0.1 0.004565843178407997 MATCH 0.7729165201036707
0.2 204 225 0.048657993503015695 0.0 0 MATCH 0.8158574494084323
0.3 204 225 0.0547538550503283 0.1 0.0004604937082313687 MATCH 0.822458789202883
0.4 204 225 0.056333710408575516 0.1 0.005940926904592914 MATCH 0.8312288042719482
0.1 204 226 0.07491207016815382 0.0 0 MATCH 0.7745389340019825
0.2 204 226 0.056474343889710565 0.0 0 MATCH 0.8272561879876253
0.3 204 226 0.06838993330443041 0.1 0.0010146388803937145 MATCH 0.8870866839756495
0.4 204 226 0.04531859600966179 0.0 0 MATCH 0.8971570254568686
0.1 204 227 0.10854088764771855 0.0 0 MATCH 0.8581560106790851
0.2 204 227 0.0798902686582792 0.0 0 MATCH 0.8958980388146122
0.3 204 227 0.05615173111455744 0.0 0 MATCH 0.9232694916512543
0.4 204 227 0.08082293111765448 0.1 0.008940333097547715 MATCH 0.9143444508421352
0.1 204 228 0.3412504316885259 0.0 0 MATCH 0.9953747631122324
0.2 204 228 0.3094791252456025 0.0 0 MATCH 0.9933265179063149
0.3 204 228 0.31265388787125725 0.2 0.03260879516601556 MATCH 0.9933820248196913
0.4 204 228 0.1291911880691332 0.0 0 MATCH 0.9891365456092551
0.1 204 229 0.14349833463546485 0.1 0.0007395814546779789 MATCH 0.9137566751942637
0.2 204 229 0.05474497721745422 0.0 0 MATCH 0.926813593758536
0.3 204 229 0.0652278178657582 0.0 0 MATCH 0.9313721625346529
0.4 204 229 0.07775172381333878 0.1 0.007794511821907935 MATCH 0.9155934024466419
0.1 204 230 0.2473063566246811 0.1 0.0030653350207270336 MATCH 0.9551588545506631
0.2 204 230 0.081612691924903 0.0 0 MATCH 0.9628120471398909
0.3 204 230 0.06846348369291044 0.0 0 MATCH 0.9622114395778724
0.4 204 230 0.08495931356610836 0.1 0.005204349455927071 MATCH 0.9555948974624519
0.1 204 231 0.2673836478704139 0.1 0.0030319407016416167 MATCH 0.9547193684998048
0.2 204 231 0.12889972842162603 0.0 0 MATCH 0.969853355052177
0.3 204 231 0.05390717830563996 0.0 0 MATCH 0.9695932351740492
0.4 204 231 0.06211830504093824 0.0 0 MATCH 0.9595676527822782
0.1 204 232 1.1124877351703062 0.1 0.00925963430693652 MATCH 0.9972872617992209
0.2 204 232 0.5762906155343785 0.0 0 MATCH 0.9976373333960987
0.3 204 232 0.23018091375177574 0.0 0 MATCH 0.9969126274393915
0.4 204 232 0.21734104985776145 0.0 0 MATCH 0.9943874971593528
0.1 204 233 0.5612165173094474 0.1 0.004080276872644478 MATCH 0.9951316947605939
0.2 204 233 0.31683055092306706 0.1 0.0010729172650505714 MATCH 0.9914642051214246
0.3 204 233 0.20963446299235014 0.2 0.008417431000740216 MATCH 0.9899780232907641
0.4 204 233 0.15153943426240768 0.1 0.00022967982207922066 MATCH 0.9862166731576967
0.1 204 234 0.5247070027584853 0.1 0.025017155057661777 MATCH 0.9915357706992749
0.2 204 234 0.23475547598189664 0.0 0 MATCH 0.991696577954373
0.3 204 234 0.21729590005920693 0.1 0.013776685189509641 MATCH 0.9903512909369054
0.4 204 234 0.14492720888372057 0.1 0.0014431602076481198 MATCH 0.9899609949554303
0.1 204 235 0.4448153972625732 0.0 0 MATCH 0.9919253244281409
0.2 204 235 0.24128952376339413 0.0 0 MATCH 0.9938340714789684
0.3 204 235 0.3147296378012132 0.2 0.029328978426071184 MATCH 0.9897678677522203
0.4 204 235 0.108914222326702 0.0 0 MATCH 0.988115038881723
0.1 204 236 1.018162409464518 0.0 0 MATCH 0.9997885835095136
0.2 204 236 0.5558041917516828 0.0 0 MATCH 0.9993464801650997
0.3 204 236 0.41637624104817716 0.0 0 MATCH 0.9995901019705343
0.4 204 236 1.0 0.1 0.4 MATCH 0.9985491434140469
0.1 204 237 0.5152347621633043 0.0 0 MATCH 1.0
0.2 204 237 0.33056787940544813 0.0 0 MATCH 0.99809270165117
0.3 204 237 0.27408975150592896 0.0 0 MATCH 0.9963646250220934
0.4 204 237 0.14888213662540214 0.0 0 MATCH 0.9956407700900529
0.1 204 238 0.4063647366309345 0.0 0 MATCH 0.9987223741447993
0.2 204 238 0.31522231991008176 0.0 0 MATCH 0.9974795195281173
0.3 204 238 0.18764326307508702 0.0 0 MATCH 0.9959735729986932
0.4 204 238 0.1950630078649826 0.1 0.0025381634949119825 MATCH 0.9922166964403715
0.1 204 239 0.405416082163326 0.0 0 MATCH 0.9989438664384668
0.2 204 239 0.40591357127729655 0.1 0.010567060723362193 MATCH 0.9972110688427666
0.3 204 239 0.2501783954086153 0.0 0 MATCH 0.9958742131725653
0.4 204 239 0.17837996815526197 0.0 0 MATCH 0.9938838019160651
0.1 204 240 0.0823957336335758 0.0 0 MATCH 0.9403835972475815
0.2 204 240 0.10626053411806974 0.1 0.0011080175140308346 MATCH 0.9524603762905699
0.3 204 240 0.07008634721042166 0.0 0 MATCH 0.9414726982035251
0.4 204 240 0.07051566589710317 0.1 0.0017203408618305938 MATCH 0.9330172587220031
0.1 204 241 0.07240863856875168 0.0 0 MATCH 0.881182841874929
0.2 204 241 0.12679943760769988 0.1 0.00625453516983937 MATCH 0.9314968497184906
0.3 204 241 0.07639992535553197 0.0 0 MATCH 0.9370973260244752
0.4 204 241 0.055926216973198745 0.0 0 MATCH 0.9318110207761485
0.1 204 242 0.20383863863737722 0.1 0.0029082588527513803 MATCH 0.9258626053626434
0.2 204 242 0.1527172041155095 0.1 0.0022822971257688562 MATCH 0.9556380093106964
0.3 204 242 0.09522468088599154 0.0 0 MATCH 0.9604794492657589
0.4 204 242 0.07353884160774454 0.0 0 MATCH 0.9522865997261905
0.1 204 243 0.1307178844105114 0.0 0 MATCH 0.9485540785830722
0.2 204 243 0.1473691657081834 0.1 0.0008951103051134668 MATCH 0.9674061836555458
0.3 204 243 0.06279148199619389 0.0 0 MATCH 0.9669158751590107
0.4 204 243 0.06981707936492401 0.0 0 MATCH 0.9622191621275318
0.1 204 244 0.1922298467384194 0.1 0.007421741845472812 MATCH 0.9401220004066054
0.2 204 244 0.12951679790721246 0.1 0.007614079643698368 MATCH 0.9496465714915271
0.3 204 244 0.08326928070695683 0.1 0.002131579028940178 MATCH 0.9481582835962327
0.4 204 244 0.040703394196250214 0.0 0 MATCH 0.9329066668002486
0.1 204 245 0.16315329947122703 0.1 0.002663440239138712 MATCH 0.9161688681903852
0.2 204 245 0.06264700154541974 0.0 0 MATCH 0.9473988408951799
0.3 204 245 0.10054537862957366 0.1 0.0005319339240003607 MATCH 0.9569764158557852
0.4 204 245 0.022600069723493904 0.0 0 MATCH 0.9557378548102905
0.1 204 246 0.18322666859466735 0.0 0 MATCH 0.960806091306029
0.2 204 246 0.14693060375395278 0.1 0.002019492658988542 MATCH 0.9757263484060118
0.3 204 246 0.11989445769028848 0.1 0.00013341297304009236 MATCH 0.9737886463226456
0.4 204 246 0.047059249877929726 0.0 0 MATCH 0.9741020029543714
0.1 204 247 0.23829178122446393 0.0 0 MATCH 0.96820860464279
0.2 204 247 0.17337842437802953 0.0 0 MATCH 0.9795265656741428
0.3 204 247 0.16406139017939952 0.1 0.007029559887551995 MATCH 0.9775136147436934
0.4 204 247 0.08629743461934902 0.0 0 MATCH 0.973137773482525
0.1 204 248 0.38181712649284133 0.0 0 MATCH 0.9887432880732755
0.2 204 248 0.24274902935175924 0.1 0.003487910780795772 MATCH 0.9926949495974069
0.3 204 248 0.1917118476277091 0.0 0 MATCH 0.9909430784301276
0.4 204 248 0.11204644475117265 0.0 0 MATCH 0.9879730777923801
0.1 204 249 0.46238058655705266 0.0 0 MATCH 0.9923890353335617
0.2 204 249 0.2769860362147426 0.1 0.007687312633067628 MATCH 0.9903380061727132
0.3 204 249 0.18084554802881533 0.0 0 MATCH 0.9902692257878302
0.4 204 249 0.0894178089342619 0.0 0 MATCH 0.9883169323955944
0.1 204 250 0.21941622565774324 0.0 0 MATCH 0.994902257694376
0.2 204 250 0.1663400487962112 0.0 0 MATCH 0.9915210552479481
0.3 204 250 0.23208568517272055 0.1 0.01601876794579493 MATCH 0.9908362199429991
0.4 204 250 0.11607601603523643 0.0 0 MATCH 0.9895956287884017
0.1 204 251 0.48657382374078434 0.0 0 MATCH 0.9953787973687831
0.2 204 251 0.22619957759462558 0.0 0 MATCH 0.993645131357049
0.3 204 251 0.15261745452880857 0.0 0 MATCH 0.9942886524541666
0.4 204 251 0.09308645460340728 0.0 0 MATCH 0.987672412869119
0.1 204 252 0.5599712832220668 0.0 0 MATCH 0.9985359811227316
0.2 204 252 0.3117689337612184 0.0 0 MATCH 0.9972626605409409
0.3 204 252 0.2095748711817012 0.0 0 MATCH 0.9966429388871416
0.4 204 252 0.1296094406482784 0.0 0 MATCH 0.9933900885736486
0.1 204 253 0.5774421061366055 0.0 0 MATCH 0.9983026044666072
0.2 204 253 0.44176787518440397 0.1 0.011030134917996481 MATCH 0.9978925548166423
0.3 204 253 0.2469032774580284 0.1 0.0026794108938663075 MATCH 0.9937018778458893
0.4 204 253 0.14035685518954677 0.0 0 MATCH 0.9923782036830315
0.1 204 254 0.6206726661095252 0.0 0 MATCH 0.999156427712235
0.2 204 254 0.301562079067888 0.0 0 MATCH 0.9980715255277028
0.3 204 254 0.160467086861667 0.0 0 MATCH 0.9963292341097099
0.4 204 254 0.16377628004396128 0.0 0 MATCH 0.9947767455117177
0.1 204 255 0.8114923492191342 0.1 0.011859899806225371 MATCH 0.9989334348014509
0.2 204 255 0.5378154228473527 0.1 0.02991522427262927 MATCH 0.9973117656520072
0.3 204 255 0.23641818595332137 0.0 0 MATCH 0.9952101500714002
0.4 204 255 0.08383719985549515 0.0 0 MATCH 0.9928612196672691