0, 5100000, 1.0, 0.45, 0.55, 0.939454052284
1, 5100000, 1.0, 0.466666666667, 0.533333333333, 0.943098759804
2, 5100000, 1.0, 0.425, 0.575, 0.953276398695
3, 5100000, 1.0, 0.433333333333, 0.566666666667, 0.948291238567
4, 5100000, 1.0, 0.425, 0.575, 0.957579669934
5, 5100000, 1.0, 0.45, 0.55, 0.951686986933
6, 5100000, 1.0, 0.425, 0.575, 0.960716308826
7, 5100000, 1.0, 0.416666666667, 0.583333333333, 0.951541447721
8, 5100000, 1.0, 0.45, 0.55, 0.946828346401
9, 5100000, 1.0, 0.458333333333, 0.541666666667, 0.951107535952
10, 5100000, 1.0, 0.433333333333, 0.566666666667, 0.953466720593
11, 5100000, 1.0, 0.466666666667, 0.533333333333, 0.949163256545
12, 5100000, 1.0, 0.441666666667, 0.558333333333, 0.957546065361
13, 5100000, 1.0, 0.45, 0.55, 0.94929091014
14, 5100000, 1.0, 0.408333333333, 0.591666666667, 0.956601738571
15, 5100000, 1.0, 0.425, 0.575, 0.951520539223
16, 5100000, 1.0, 0.45, 0.55, 0.953289821898
17, 5100000, 1.0, 0.458333333333, 0.541666666667, 0.948280823535
18, 5100000, 1.0, 0.475, 0.525, 0.958387826803
19, 5100000, 1.0, 0.45, 0.55, 0.947498936284
20, 5100000, 1.0, 0.458333333333, 0.541666666667, 0.96073108497
21, 5100000, 1.0, 0.441666666667, 0.558333333333, 0.951527648702
22, 5100000, 1.0, 0.483333333333, 0.516666666667, 0.962535761441
23, 5100000, 1.0, 0.466666666667, 0.533333333333, 0.949431323543
24, 5100000, 1.0, 0.433333333333, 0.566666666667, 0.959242588238
25, 5100000, 1.0, 0.475, 0.525, 0.95604836275
26, 5100000, 1.0, 0.458333333333, 0.541666666667, 0.958783990201
27, 5100000, 1.0, 0.458333333333, 0.541666666667, 0.951202759813
28, 5100000, 1.0, 0.458333333333, 0.541666666667, 0.960889125822
29, 5100000, 1.0, 0.441666666667, 0.558333333333, 0.954096359484
30, 5100000, 1.0, 0.475, 0.525, 0.961243934644
31, 5100000, 1.0, 0.45, 0.55, 0.951530246742
32, 5100000, 1.0, 0.441666666667, 0.558333333333, 0.948366895421
33, 5100000, 1.0, 0.408333333333, 0.591666666667, 0.951715571899
34, 5100000, 1.0, 0.466666666667, 0.533333333333, 0.95544888399
35, 5100000, 1.0, 0.458333333333, 0.541666666667, 0.951656980399
36, 5100000, 1.0, 0.458333333333, 0.541666666667, 0.961188181373
37, 5100000, 1.0, 0.475, 0.525, 0.956652362749
38, 5100000, 1.0, 0.466666666667, 0.533333333333, 0.959961838238
39, 5100000, 1.0, 0.458333333333, 0.541666666667, 0.951193390532
40, 5100000, 1.0, 0.458333333333, 0.541666666667, 0.955751408493
41, 5100000, 1.0, 0.441666666667, 0.558333333333, 0.959383774511
42, 5100000, 1.0, 0.458333333333, 0.541666666667, 0.954848397064
43, 5100000, 1.0, 0.475, 0.525, 0.950458271252
44, 5100000, 1.0, 0.466666666667, 0.533333333333, 0.962721558825
45, 5053194, 1.0, 0.475, 0.525, 0.958553542246
46, 5100000, 1.0, 0.483333333333, 0.516666666667, 0.955690598048
47, 5052665, 1.0, 0.466666666667, 0.533333333333, 0.949921635427
48, 5100000, 1.0, 0.458333333333, 0.541666666667, 0.955438651965
49, 5094894, 1.0, 0.466666666667, 0.533333333333, 0.951847522907
50, 5100000, 1.0, 0.458333333333, 0.541666666667, 0.954463312099
51, 5064143, 1.0, 0.425, 0.575, 0.951876238824
52, 5100000, 1.0, 0.475, 0.525, 0.959962578434
53, 4983530, 1.0, 0.458333333333, 0.541666666667, 0.952623617074
54, 5065267, 1.0, 0.458333333333, 0.541666666667, 0.960058691542
55, 5100000, 1.0, 0.475, 0.525, 0.947498259817
56, 5100000, 1.0, 0.466666666667, 0.533333333333, 0.962342450984
57, 5100000, 1.0, 0.45, 0.55, 0.960246781048
58, 5080505, 1.0, 0.466666666667, 0.533333333333, 0.955391173393
59, 4971553, 1.0, 0.466666666667, 0.533333333333, 0.95334832162
60, 5003981, 1.0, 0.475, 0.525, 0.96519028883
61, 4873904, 1.0, 0.483333333333, 0.516666666667, 0.958817146389
62, 4945055, 1.0, 0.45, 0.55, 0.959659472959
63, 4888437, 1.0, 0.466666666667, 0.533333333333, 0.951167184603
64, 5091808, 1.0, 0.441666666667, 0.558333333333, 0.94708451464
65, 4810028, 1.0, 0.45, 0.55, 0.953071390654
66, 5100000, 1.0, 0.458333333333, 0.541666666667, 0.959235196082
67, 4801596, 1.0, 0.475, 0.525, 0.958596591296
68, 5076918, 1.0, 0.45, 0.55, 0.958106734246
69, 4864142, 1.0, 0.441666666667, 0.558333333333, 0.951774230357
70, 4983929, 1.0, 0.45, 0.55, 0.962777352294
71, 4851517, 1.0, 0.458333333333, 0.541666666667, 0.957240566896
72, 5037450, 1.0, 0.466666666667, 0.533333333333, 0.956452224504
73, 5100000, 1.0, 0.483333333333, 0.516666666667, 0.958995354576
74, 5100000, 1.0, 0.475, 0.525, 0.961745328435
75, 5100000, 1.0, 0.483333333333, 0.516666666667, 0.957871178105
76, 5100000, 1.0, 0.45, 0.55, 0.955546127459
77, 5100000, 1.0, 0.441666666667, 0.558333333333, 0.946831495106
78, 5100000, 1.0, 0.45, 0.55, 0.954989965696
79, 5100000, 1.0, 0.45, 0.55, 0.949242156872
80, 5100000, 1.0, 0.425, 0.575, 0.953481454253
81, 5100000, 1.0, 0.45, 0.55, 0.949178841509
82, 5100000, 1.0, 0.466666666667, 0.533333333333, 0.958796431377
83, 5100000, 1.0, 0.466666666667, 0.533333333333, 0.951210366019
84, 5100000, 1.0, 0.458333333333, 0.541666666667, 0.956588740204
85, 5054394, 1.0, 0.45, 0.55, 0.952561614375
86, 5059691, 1.0, 0.475, 0.525, 0.962180117973
87, 5100000, 1.0, 0.466666666667, 0.533333333333, 0.951521387261
88, 5100000, 1.0, 0.466666666667, 0.533333333333, 0.961742694447
89, 5100000, 1.0, 0.466666666667, 0.533333333333, 0.957863392157
90, 5100000, 1.0, 0.483333333333, 0.516666666667, 0.963444678105
91, 5100000, 1.0, 0.466666666667, 0.533333333333, 0.956653047385
92, 5100000, 1.0, 0.45, 0.55, 0.955031207527
93, 5100000, 1.0, 0.441666666667, 0.558333333333, 0.949279465696
94, 5100000, 1.0, 0.475, 0.525, 0.956986470595
95, 5100000, 1.0, 0.433333333333, 0.566666666667, 0.951677776149
96, 5100000, 1.0, 0.45, 0.55, 0.955749831696
97, 5100000, 1.0, 0.483333333333, 0.516666666667, 0.959397583334
98, 5100000, 1.0, 0.458333333333, 0.541666666667, 0.962342872551
99, 5100000, 1.0, 0.5, 0.5, 0.960254212419
100, 5100000, 1.0, 0.433333333333, 0.566666666667, 0.962728047387
101, 5100000, 1.0, 0.475, 0.525, 0.957862362747
102, 5100000, 1.0, 0.483333333333, 0.516666666667, 0.963882053922
103, 5100000, 1.0, 0.433333333333, 0.566666666667, 0.956043222223
104, 5100000, 1.0, 0.483333333333, 0.516666666667, 0.962350869282
105, 5100000, 1.0, 0.483333333333, 0.516666666667, 0.963872330063
106, 5100000, 1.0, 0.458333333333, 0.541666666667, 0.963107838238
107, 5100000, 1.0, 0.466666666667, 0.533333333333, 0.959395253266
108, 5100000, 1.0, 0.466666666667, 0.533333333333, 0.962100759809
109, 5100000, 1.0, 0.491666666667, 0.508333333333, 0.95901598366
110, 5100000, 1.0, 0.433333333333, 0.566666666667, 0.956782493469
111, 5100000, 1.0, 0.475, 0.525, 0.951114710788
112, 5100000, 1.0, 0.466666666667, 0.533333333333, 0.954838910135
113, 5100000, 1.0, 0.466666666667, 0.533333333333, 0.950470323537
114, 5100000, 1.0, 0.475, 0.525, 0.955045728764
115, 5100000, 1.0, 0.45, 0.55, 0.951672114386
116, 5100000, 1.0, 0.483333333333, 0.516666666667, 0.955686906869
117, 5100000, 1.0, 0.466666666667, 0.533333333333, 0.949156281052
118, 5100000, 1.0, 0.475, 0.525, 0.957382452618
119, 5100000, 1.0, 0.45, 0.55, 0.948289673207
120, 5100000, 1.0, 0.483333333333, 0.516666666667, 0.963095266342
121, 5100000, 1.0, 0.466666666667, 0.533333333333, 0.959396390521
122, 5100000, 1.0, 0.45, 0.55, 0.956238380723
123, 5100000, 1.0, 0.45, 0.55, 0.95171980719
124, 5100000, 1.0, 0.466666666667, 0.533333333333, 0.956797282684
125, 5100000, 1.0, 0.483333333333, 0.516666666667, 0.951111083337
126, 5100000, 1.0, 0.45, 0.55, 0.951052805561
127, 5100000, 1.0, 0.45, 0.55, 0.943091864385
128, 5100000, 1.0, 0.45, 0.55, 0.944968898692
129, 5100000, 1.0, 0.45, 0.55, 0.95105027288
130, 5100000, 1.0, 0.483333333333, 0.516666666667, 0.959086477128
131, 5100000, 1.0, 0.466666666667, 0.533333333333, 0.957417975494
132, 5100000, 1.0, 0.45, 0.55, 0.962469867647
133, 5100000, 1.0, 0.45, 0.55, 0.957003174842
134, 5100000, 1.0, 0.466666666667, 0.533333333333, 0.96733689706
135, 5100000, 1.0, 0.483333333333, 0.516666666667, 0.961256911767
136, 5100000, 1.0, 0.45, 0.55, 0.951684799017
137, 5100000, 1.0, 0.475, 0.525, 0.956826171571
138, 5100000, 1.0, 0.466666666667, 0.533333333333, 0.959311490198
139, 5100000, 1.0, 0.483333333333, 0.516666666667, 0.955709439544
140, 5100000, 1.0, 0.45, 0.55, 0.961703034316
141, 5100000, 1.0, 0.475, 0.525, 0.955069614387
142, 5100000, 1.0, 0.466666666667, 0.533333333333, 0.961122959157
143, 5100000, 1.0, 0.466666666667, 0.533333333333, 0.956634294121
144, 5100000, 1.0, 0.475, 0.525, 0.959098722226
145, 5100000, 1.0, 0.433333333333, 0.566666666667, 0.957425478761
146, 5100000, 1.0, 0.491666666667, 0.508333333333, 0.966526593139
147, 5100000, 1.0, 0.466666666667, 0.533333333333, 0.95932528268
148, 5100000, 1.0, 0.466666666667, 0.533333333333, 0.967329661765
149, 5100000, 1.0, 0.458333333333, 0.541666666667, 0.96125722059
150, 5100000, 1.0, 0.483333333333, 0.516666666667, 0.970965803921
151, 5100000, 1.0, 0.483333333333, 0.516666666667, 0.96255147222
152, 5100000, 1.0, 0.433333333333, 0.566666666667, 0.965040385622
153, 5100000, 1.0, 0.483333333333, 0.516666666667, 0.963936733659
154, 5100000, 1.0, 0.475, 0.525, 0.9665335
155, 5100000, 1.0, 0.433333333333, 0.566666666667, 0.959998042483
156, 5100000, 1.0, 0.5, 0.5, 0.966879767974
157, 5100000, 1.0, 0.458333333333, 0.541666666667, 0.960920155229
158, 5100000, 1.0, 0.483333333333, 0.516666666667, 0.967364174837
159, 5100000, 1.0, 0.45, 0.55, 0.960761254902
160, 5100000, 1.0, 0.433333333333, 0.566666666667, 0.95312904575
161, 5100000, 1.0, 0.475, 0.525, 0.956260580071
162, 5100000, 1.0, 0.441666666667, 0.558333333333, 0.95879582517
163, 5100000, 1.0, 0.45, 0.55, 0.955044792491
164, 5100000, 1.0, 0.466666666667, 0.533333333333, 0.967572645425
165, 5100000, 1.0, 0.483333333333, 0.516666666667, 0.963468341503
166, 5100000, 1.0, 0.466666666667, 0.533333333333, 0.966506218953
167, 5100000, 1.0, 0.466666666667, 0.533333333333, 0.958810370916
168, 5100000, 1.0, 0.466666666667, 0.533333333333, 0.961218125812
169, 5100000, 1.0, 0.475, 0.525, 0.963135584967
170, 5100000, 1.0, 0.45, 0.55, 0.959769879081
171, 5100000, 1.0, 0.458333333333, 0.541666666667, 0.954865823525
172, 5100000, 1.0, 0.466666666667, 0.533333333333, 0.967714843135
173, 4984327, 1.0, 0.466666666667, 0.533333333333, 0.960998917207
174, 5100000, 1.0, 0.45, 0.55, 0.959295996728
175, 5010466, 1.0, 0.425, 0.575, 0.952727592266
176, 5100000, 1.0, 0.45, 0.55, 0.958777776151
177, 4941534, 1.0, 0.45, 0.55, 0.954006336908
178, 5100000, 1.0, 0.441666666667, 0.558333333333, 0.956422429749
179, 4931037, 1.0, 0.45, 0.55, 0.95329770392
180, 5100000, 1.0, 0.483333333333, 0.516666666667, 0.966485246732
181, 5100000, 1.0, 0.475, 0.525, 0.958798102943
182, 5100000, 1.0, 0.483333333333, 0.516666666667, 0.966530217319
183, 5100000, 1.0, 0.466666666667, 0.533333333333, 0.958405460785
184, 5100000, 1.0, 0.458333333333, 0.541666666667, 0.965325586601
185, 5100000, 1.0, 0.45, 0.55, 0.962389225488
186, 5100000, 1.0, 0.441666666667, 0.558333333333, 0.958828689537
187, 5100000, 1.0, 0.45, 0.55, 0.955482550647
188, 5100000, 1.0, 0.475, 0.525, 0.965022305554
189, 5100000, 1.0, 0.466666666667, 0.533333333333, 0.959261571893
190, 5100000, 1.0, 0.45, 0.55, 0.959104294115
191, 5100000, 1.0, 0.441666666667, 0.558333333333, 0.953315094768
192, 5100000, 1.0, 0.466666666667, 0.533333333333, 0.95166915196
193, 5100000, 1.0, 0.45, 0.55, 0.956818145428
194, 5100000, 1.0, 0.483333333333, 0.516666666667, 0.965042545753
195, 5100000, 1.0, 0.475, 0.525, 0.963930861112
196, 5100000, 1.0, 0.466666666667, 0.533333333333, 0.961667921572
197, 5100000, 1.0, 0.466666666667, 0.533333333333, 0.955026939548
198, 5100000, 1.0, 0.45, 0.55, 0.966809601308
199, 5100000, 1.0, 0.466666666667, 0.533333333333, 0.960859521242
200, 5100000, 1.0, 0.458333333333, 0.541666666667, 0.962651181366
201, 5100000, 1.0, 0.458333333333, 0.541666666667, 0.962148848041
202, 5100000, 1.0, 0.458333333333, 0.541666666667, 0.967729178104
203, 5100000, 1.0, 0.475, 0.525, 0.962764490195
204, 5100000, 1.0, 0.425, 0.575, 0.960943991829
205, 5100000, 1.0, 0.458333333333, 0.541666666667, 0.955604258168
206, 5100000, 1.0, 0.466666666667, 0.533333333333, 0.961682599669
207, 5100000, 1.0, 0.458333333333, 0.541666666667, 0.957534923199
208, 5100000, 1.0, 0.466666666667, 0.533333333333, 0.959316973858
209, 5100000, 1.0, 0.483333333333, 0.516666666667, 0.955712928106
210, 5100000, 1.0, 0.475, 0.525, 0.966547472223
211, 5100000, 1.0, 0.466666666667, 0.533333333333, 0.960014594774
212, 5100000, 1.0, 0.475, 0.525, 0.96114352615
213, 5100000, 1.0, 0.458333333333, 0.541666666667, 0.956633774513
214, 5100000, 1.0, 0.441666666667, 0.558333333333, 0.967360276146
215, 5100000, 1.0, 0.458333333333, 0.541666666667, 0.96075516667
216, 5100000, 1.0, 0.458333333333, 0.541666666667, 0.967737263073
217, 5100000, 1.0, 0.466666666667, 0.533333333333, 0.962768498368
218, 5100000, 1.0, 0.475, 0.525, 0.967571748368
219, 5100000, 1.0, 0.458333333333, 0.541666666667, 0.961221310459
220, 5100000, 1.0, 0.458333333333, 0.541666666667, 0.961745351306
221, 5100000, 1.0, 0.466666666667, 0.533333333333, 0.957587303921
222, 5100000, 1.0, 0.408333333333, 0.591666666667, 0.962499019607
223, 5100000, 1.0, 0.441666666667, 0.558333333333, 0.957599405229
224, 5100000, 1.0, 0.45, 0.55, 0.961234101303
225, 5100000, 1.0, 0.475, 0.525, 0.963141529413
226, 5090000, 1.0, 0.441666666667, 0.558333333333, 0.965300870987
227, 5080000, 1.0, 0.458333333333, 0.541666666667, 0.962235326443
228, 5080000, 1.0, 0.458333333333, 0.541666666667, 0.967827595142
229, 5080000, 1.0, 0.458333333333, 0.541666666667, 0.961724035434
230, 5080000, 1.0, 0.475, 0.525, 0.965027096458
231, 5070000, 1.0, 0.433333333333, 0.566666666667, 0.959152582184
232, 5060000, 1.0, 0.466666666667, 0.533333333333, 0.969813761525
233, 5050000, 1.0, 0.483333333333, 0.516666666667, 0.962608859736
234, 5040000, 1.0, 0.441666666667, 0.558333333333, 0.961914300587
235, 5040000, 1.0, 0.458333333333, 0.541666666667, 0.956393435839
236, 5040000, 1.0, 0.45, 0.55, 0.963312283397
237, 5040000, 1.0, 0.475, 0.525, 0.956299581674
238, 5040000, 1.0, 0.458333333333, 0.541666666667, 0.952607407399
239, 5030000, 1.0, 0.45, 0.55, 0.947653089788
240, 5010000, 1.0, 0.425, 0.575, 0.960589421158
241, 5000000, 1.0, 0.408333333333, 0.591666666667, 0.955305386668
242, 5000000, 1.0, 0.45, 0.55, 0.959410563333
243, 4990000, 1.0, 0.441666666667, 0.558333333333, 0.955862571812
244, 4960000, 1.0, 0.466666666667, 0.533333333333, 0.960006423053
245, 4960000, 1.0, 0.433333333333, 0.566666666667, 0.953951943886
246, 4950000, 1.0, 0.458333333333, 0.541666666667, 0.959648021889
247, 4940000, 1.0, 0.45, 0.55, 0.953770060733
248, 4940000, 1.0, 0.416666666667, 0.583333333333, 0.962718027998
249, 4930000, 1.0, 0.425, 0.575, 0.95710747464
250, 4930000, 1.0, 0.45, 0.55, 0.955051881332
251, 4880000, 1.0, 0.425, 0.575, 0.951105983602
252, 4860000, 1.0, 0.433333333333, 0.566666666667, 0.954652405689
253, 4850000, 1.0, 0.425, 0.575, 0.949981376286
254, 4830000, 1.0, 0.466666666667, 0.533333333333, 0.94877674603
255, 2550000, 1.0, 0.466666666667, 0.533333333333, 0.96111150981